0.000000000000000000e+00
0.000000000000000000e+00
0.000000000000000000e+00
0.000000000000000000e+00
0.000000000000000000e+00
0.000000000000000000e+00
0.000000000000000000e+00
0.000000000000000000e+00
0.000000000000000000e+00
0.000000000000000000e+00
0.000000000000000000e+00
0.000000000000000000e+00
0.000000000000000000e+00
0.000000000000000000e+00
0.000000000000000000e+00
0.000000000000000000e+00
0.000000000000000000e+00
0.000000000000000000e+00
0.000000000000000000e+00
0.000000000000000000e+00
0.000000000000000000e+00
0.000000000000000000e+00
0.000000000000000000e+00
5.174549961012447907e-01
4.958077913991309482e-01
5.209485529223338851e-01
5.149001616528402492e-01
5.264052767403358812e-01
5.463551865232800786e-01
5.636850565808864122e-01
5.579935329712546466e-01
5.807135978595554526e-01
5.769781718910804713e-01
5.810268857875895421e-01
6.097856560305934259e-01
6.089044286194906785e-01
6.137027836794837210e-01
6.074321577316498244e-01
5.998783629684992791e-01
6.021317074651224566e-01
5.880650981547259626e-01
5.890082816216792860e-01
5.945963604672692693e-01
5.900098920254767121e-01
5.939869035973338596e-01
5.972622683824857504e-01
6.085208478535001353e-01
6.139161822751856290e-01
6.207132981511490621e-01
6.252277945048474450e-01
6.385614357663715879e-01
6.434928722935091550e-01
6.461144492937832551e-01
6.614720531463367248e-01
6.644415747443591647e-01
6.677568244286752330e-01
6.777682515132483765e-01
6.928627456421359021e-01
7.084025580608155348e-01
6.941924822953680074e-01
7.026500726071405190e-01
7.218120963833073445e-01
7.468305194324671437e-01
7.676044862313997630e-01
7.982967210146563186e-01
8.437086144620450368e-01
8.819423634131372536e-01
8.665897995367599638e-01
9.435713126062995615e-01
9.464657518323000840e-01
9.843542499062991613e-01
1.000000000000000000e+00
0.000000000000000000e+00
0.000000000000000000e+00
0.000000000000000000e+00
0.000000000000000000e+00
0.000000000000000000e+00
0.000000000000000000e+00
0.000000000000000000e+00
0.000000000000000000e+00
0.000000000000000000e+00
0.000000000000000000e+00
0.000000000000000000e+00
0.000000000000000000e+00
0.000000000000000000e+00
0.000000000000000000e+00
0.000000000000000000e+00
0.000000000000000000e+00
0.000000000000000000e+00
0.000000000000000000e+00
0.000000000000000000e+00
0.000000000000000000e+00
0.000000000000000000e+00
0.000000000000000000e+00
0.000000000000000000e+00
0.000000000000000000e+00
0.000000000000000000e+00
0.000000000000000000e+00
0.000000000000000000e+00
0.000000000000000000e+00
0.000000000000000000e+00
