0.000000000000000000e+00
0.000000000000000000e+00
0.000000000000000000e+00
0.000000000000000000e+00
0.000000000000000000e+00
0.000000000000000000e+00
0.000000000000000000e+00
0.000000000000000000e+00
0.000000000000000000e+00
0.000000000000000000e+00
0.000000000000000000e+00
0.000000000000000000e+00
0.000000000000000000e+00
0.000000000000000000e+00
0.000000000000000000e+00
0.000000000000000000e+00
0.000000000000000000e+00
0.000000000000000000e+00
0.000000000000000000e+00
0.000000000000000000e+00
0.000000000000000000e+00
0.000000000000000000e+00
0.000000000000000000e+00
2.722462301122270389e-01
2.752050441704692041e-01
2.802309676534276428e-01
2.995403888347310528e-01
3.063779272829151856e-01
3.174133210550970086e-01
3.338124411124143709e-01
3.405326431998490500e-01
3.527395912839231817e-01
3.668455427349714970e-01
3.753430474285674445e-01
4.030561098724151914e-01
4.239177055953965989e-01
4.271581747457707801e-01
4.400930494061894294e-01
4.403370665486630586e-01
4.457453348901448953e-01
4.476893645849681636e-01
4.517372106611277638e-01
4.554267209576117748e-01
4.716716901865652400e-01
4.755434371470853017e-01
4.825484891164779078e-01
4.998106269896328002e-01
5.152402437686555148e-01
5.315548256995834553e-01
5.437560168109131231e-01
5.502693496894901504e-01
5.714614454477312533e-01
5.846896397413837709e-01
5.972563189702302378e-01
6.092125581984283444e-01
6.209144452884947096e-01
6.290230329272410437e-01
6.459764372642856634e-01
6.651265660037586347e-01
6.671416179838172145e-01
6.670078561889726254e-01
6.839782992020380092e-01
7.058792883992028866e-01
7.325043677075884219e-01
7.410726019283172539e-01
7.961678164873426944e-01
8.120020298145552706e-01
8.251110108500009366e-01
9.202265770513359255e-01
9.130220519507263877e-01
9.613133419556962878e-01
1.000000000000000000e+00
0.000000000000000000e+00
0.000000000000000000e+00
0.000000000000000000e+00
0.000000000000000000e+00
0.000000000000000000e+00
0.000000000000000000e+00
0.000000000000000000e+00
0.000000000000000000e+00
0.000000000000000000e+00
0.000000000000000000e+00
0.000000000000000000e+00
0.000000000000000000e+00
0.000000000000000000e+00
0.000000000000000000e+00
0.000000000000000000e+00
0.000000000000000000e+00
0.000000000000000000e+00
0.000000000000000000e+00
0.000000000000000000e+00
0.000000000000000000e+00
0.000000000000000000e+00
0.000000000000000000e+00
0.000000000000000000e+00
0.000000000000000000e+00
0.000000000000000000e+00
0.000000000000000000e+00
0.000000000000000000e+00
0.000000000000000000e+00
0.000000000000000000e+00
