0.000000000000000000e+00
0.000000000000000000e+00
0.000000000000000000e+00
0.000000000000000000e+00
0.000000000000000000e+00
0.000000000000000000e+00
0.000000000000000000e+00
0.000000000000000000e+00
0.000000000000000000e+00
0.000000000000000000e+00
0.000000000000000000e+00
0.000000000000000000e+00
0.000000000000000000e+00
0.000000000000000000e+00
0.000000000000000000e+00
0.000000000000000000e+00
0.000000000000000000e+00
0.000000000000000000e+00
0.000000000000000000e+00
0.000000000000000000e+00
0.000000000000000000e+00
0.000000000000000000e+00
9.268018772825328266e-01
8.997034772929534130e-01
8.827726103500104227e-01
8.979484006023608078e-01
9.192506334902542653e-01
9.182418153427872598e-01
9.562167636985485775e-01
9.605661789571366960e-01
9.808411540120843819e-01
9.523315721995170291e-01
9.590025596355447046e-01
9.781394378824650460e-01
1.000000000000000000e+00
9.906930218911317310e-01
9.626413599736364235e-01
9.622472588660605508e-01
9.368586021504319294e-01
9.382741547922339720e-01
9.090647727550827950e-01
8.913106566049320278e-01
8.749761316699006253e-01
8.830821777537567474e-01
8.746706661787068127e-01
8.704052860969915262e-01
8.563280619533809590e-01
8.606469144938542204e-01
8.554716830969422148e-01
8.597395458336183349e-01
8.561385674892335595e-01
8.608099154074363435e-01
8.536493301318733851e-01
8.544028129193210752e-01
8.389306231200142072e-01
8.375734535713071915e-01
8.269345406472966564e-01
8.363380853703268336e-01
8.349050758166759456e-01
8.080402833266613349e-01
7.799039972349581795e-01
7.731291330844323184e-01
7.766014216142352877e-01
7.777752010949084971e-01
7.762510943640836825e-01
7.969698426867062313e-01
8.348497031411949987e-01
8.323516257136749363e-01
8.601670247598635077e-01
8.098877023007859943e-01
8.612056492876971614e-01
8.769157026081473294e-01
0.000000000000000000e+00
0.000000000000000000e+00
0.000000000000000000e+00
0.000000000000000000e+00
0.000000000000000000e+00
0.000000000000000000e+00
0.000000000000000000e+00
0.000000000000000000e+00
0.000000000000000000e+00
0.000000000000000000e+00
0.000000000000000000e+00
0.000000000000000000e+00
0.000000000000000000e+00
0.000000000000000000e+00
0.000000000000000000e+00
0.000000000000000000e+00
0.000000000000000000e+00
0.000000000000000000e+00
0.000000000000000000e+00
0.000000000000000000e+00
0.000000000000000000e+00
0.000000000000000000e+00
0.000000000000000000e+00
0.000000000000000000e+00
0.000000000000000000e+00
0.000000000000000000e+00
0.000000000000000000e+00
0.000000000000000000e+00
0.000000000000000000e+00
