0.000000000000000000e+00
0.000000000000000000e+00
0.000000000000000000e+00
0.000000000000000000e+00
0.000000000000000000e+00
0.000000000000000000e+00
0.000000000000000000e+00
0.000000000000000000e+00
0.000000000000000000e+00
0.000000000000000000e+00
0.000000000000000000e+00
0.000000000000000000e+00
0.000000000000000000e+00
0.000000000000000000e+00
0.000000000000000000e+00
0.000000000000000000e+00
0.000000000000000000e+00
0.000000000000000000e+00
0.000000000000000000e+00
0.000000000000000000e+00
0.000000000000000000e+00
0.000000000000000000e+00
8.003148175703774792e-01
8.250234862594014729e-01
7.728474733001649000e-01
8.000508574156450781e-01
8.352153519013681970e-01
8.181424848351204204e-01
8.591112969486985884e-01
8.706697721488617647e-01
8.811562503652557998e-01
9.120744021600925011e-01
9.019551023505775200e-01
9.241433147292033023e-01
9.069860760248704690e-01
9.181632919889634037e-01
8.846083769543244824e-01
8.959221850853729130e-01
8.862752228340008420e-01
8.947105985021842622e-01
8.955121966831598446e-01
8.820166321820607225e-01
8.842707162980047997e-01
8.879111237880709107e-01
8.977091836325770124e-01
8.958895049393650334e-01
8.975822544417391136e-01
9.016322576540881650e-01
8.937778888472837080e-01
9.062190592107871590e-01
9.075271957148429713e-01
9.205094047793656031e-01
9.085652700135398163e-01
9.151351032107004624e-01
8.987124003938818939e-01
9.059217698885980719e-01
9.045164109520611451e-01
9.115341971159617307e-01
8.985932178679981730e-01
9.036466982834137074e-01
8.853681091790133184e-01
8.965510930455200533e-01
8.899886221950846776e-01
9.062409971652841678e-01
9.052269119875498982e-01
9.260868165040847533e-01
9.239497576876440910e-01
9.663725113262137123e-01
9.693116137652385556e-01
1.000000000000000000e+00
9.275858380925703361e-01
9.679396453079981422e-01
9.756977213521885739e-01
0.000000000000000000e+00
0.000000000000000000e+00
0.000000000000000000e+00
0.000000000000000000e+00
0.000000000000000000e+00
0.000000000000000000e+00
0.000000000000000000e+00
0.000000000000000000e+00
0.000000000000000000e+00
0.000000000000000000e+00
0.000000000000000000e+00
0.000000000000000000e+00
0.000000000000000000e+00
0.000000000000000000e+00
0.000000000000000000e+00
0.000000000000000000e+00
0.000000000000000000e+00
0.000000000000000000e+00
0.000000000000000000e+00
0.000000000000000000e+00
0.000000000000000000e+00
0.000000000000000000e+00
0.000000000000000000e+00
0.000000000000000000e+00
0.000000000000000000e+00
0.000000000000000000e+00
0.000000000000000000e+00
0.000000000000000000e+00
