0.000000000000000000e+00
0.000000000000000000e+00
0.000000000000000000e+00
0.000000000000000000e+00
0.000000000000000000e+00
0.000000000000000000e+00
0.000000000000000000e+00
0.000000000000000000e+00
0.000000000000000000e+00
0.000000000000000000e+00
0.000000000000000000e+00
0.000000000000000000e+00
0.000000000000000000e+00
0.000000000000000000e+00
0.000000000000000000e+00
0.000000000000000000e+00
0.000000000000000000e+00
0.000000000000000000e+00
0.000000000000000000e+00
0.000000000000000000e+00
0.000000000000000000e+00
0.000000000000000000e+00
0.000000000000000000e+00
9.496234153670981559e-01
8.705458270112127472e-01
1.000000000000000000e+00
9.308613257566815680e-01
8.643108491749962319e-01
7.989149544867599761e-01
8.042483248811768126e-01
7.884242298291730400e-01
7.980099412890033772e-01
7.672130570296017416e-01
7.515641689267985592e-01
7.956666002909363877e-01
7.840262707668572695e-01
7.382319774662332579e-01
7.187601846156215224e-01
6.819679719180242738e-01
6.618597645821161501e-01
6.543218446849615733e-01
6.423669693129111513e-01
6.183904115525337142e-01
6.126741390022477640e-01
6.019700392318381166e-01
5.922913648614929194e-01
5.812735064611896929e-01
5.818801712843837404e-01
5.737857553561479529e-01
5.748513295930682832e-01
5.653759062584844397e-01
5.674161085524659365e-01
5.626970991263917643e-01
5.605569986161219598e-01
5.505791844412730729e-01
5.458246749063047076e-01
5.535720019118474111e-01
5.594063703682352617e-01
5.585430304979883687e-01
5.156806690606563492e-01
5.453239220199365134e-01
5.585516375102583808e-01
5.720976142005858023e-01
5.930468244148607848e-01
6.189255990320899903e-01
6.506605208151027275e-01
6.701145642848486128e-01
7.282055436346270838e-01
7.613868324185993908e-01
7.171276782915358972e-01
7.668197679734714001e-01
8.266277479516782600e-01
0.000000000000000000e+00
0.000000000000000000e+00
0.000000000000000000e+00
0.000000000000000000e+00
0.000000000000000000e+00
0.000000000000000000e+00
0.000000000000000000e+00
0.000000000000000000e+00
0.000000000000000000e+00
0.000000000000000000e+00
0.000000000000000000e+00
0.000000000000000000e+00
0.000000000000000000e+00
0.000000000000000000e+00
0.000000000000000000e+00
0.000000000000000000e+00
0.000000000000000000e+00
0.000000000000000000e+00
0.000000000000000000e+00
0.000000000000000000e+00
0.000000000000000000e+00
0.000000000000000000e+00
0.000000000000000000e+00
0.000000000000000000e+00
0.000000000000000000e+00
0.000000000000000000e+00
0.000000000000000000e+00
0.000000000000000000e+00
0.000000000000000000e+00
