0.000000000000000000e+00
0.000000000000000000e+00
0.000000000000000000e+00
0.000000000000000000e+00
0.000000000000000000e+00
0.000000000000000000e+00
0.000000000000000000e+00
0.000000000000000000e+00
0.000000000000000000e+00
0.000000000000000000e+00
0.000000000000000000e+00
0.000000000000000000e+00
0.000000000000000000e+00
0.000000000000000000e+00
0.000000000000000000e+00
0.000000000000000000e+00
0.000000000000000000e+00
0.000000000000000000e+00
0.000000000000000000e+00
0.000000000000000000e+00
0.000000000000000000e+00
0.000000000000000000e+00
0.000000000000000000e+00
6.244864815197175290e-01
6.332684345317650676e-01
6.373943681540585882e-01
6.751688139765360530e-01
7.042136604316115989e-01
7.620585211012067539e-01
7.947834490520344630e-01
8.475665951356164962e-01
8.478533697482359965e-01
8.704499750400028768e-01
9.122957933164549393e-01
9.529138756964931067e-01
9.582692877554882527e-01
9.724439130254713959e-01
9.690023188701039070e-01
9.632068052187926499e-01
9.610259753609980971e-01
9.463079198236618028e-01
9.257773627822493134e-01
9.193658505167070505e-01
9.351538830310558437e-01
9.111328203614286192e-01
9.140241420278895079e-01
9.109900312159046054e-01
9.115292491183937251e-01
9.123326723321347753e-01
9.070892470515556916e-01
8.990500571109808492e-01
9.093103334669111470e-01
8.996097690727884455e-01
8.906759945287163749e-01
8.859642273120619249e-01
8.863686761214280008e-01
8.783576790276270696e-01
8.915530322285066811e-01
8.979309461446520757e-01
8.692465810208142019e-01
8.475639019994182233e-01
8.510922794838103878e-01
8.574642442709525803e-01
8.670763197011881473e-01
8.689131689359811395e-01
9.074276035451465106e-01
9.115024422281821082e-01
9.615861131169622933e-01
1.000000000000000000e+00
9.656054406921955602e-01
9.810838862808297645e-01
9.976999801716106564e-01
0.000000000000000000e+00
0.000000000000000000e+00
0.000000000000000000e+00
0.000000000000000000e+00
0.000000000000000000e+00
0.000000000000000000e+00
0.000000000000000000e+00
0.000000000000000000e+00
0.000000000000000000e+00
0.000000000000000000e+00
0.000000000000000000e+00
0.000000000000000000e+00
0.000000000000000000e+00
0.000000000000000000e+00
0.000000000000000000e+00
0.000000000000000000e+00
0.000000000000000000e+00
0.000000000000000000e+00
0.000000000000000000e+00
0.000000000000000000e+00
0.000000000000000000e+00
0.000000000000000000e+00
0.000000000000000000e+00
0.000000000000000000e+00
0.000000000000000000e+00
0.000000000000000000e+00
0.000000000000000000e+00
0.000000000000000000e+00
0.000000000000000000e+00
