0.000000000000000000e+00
0.000000000000000000e+00
0.000000000000000000e+00
0.000000000000000000e+00
0.000000000000000000e+00
0.000000000000000000e+00
0.000000000000000000e+00
0.000000000000000000e+00
0.000000000000000000e+00
0.000000000000000000e+00
0.000000000000000000e+00
0.000000000000000000e+00
0.000000000000000000e+00
0.000000000000000000e+00
0.000000000000000000e+00
0.000000000000000000e+00
0.000000000000000000e+00
0.000000000000000000e+00
0.000000000000000000e+00
0.000000000000000000e+00
0.000000000000000000e+00
0.000000000000000000e+00
1.000000000000000000e+00
9.330917754409920883e-01
9.034566220049768948e-01
9.019115080503085080e-01
9.047084556378239828e-01
9.126229682861242143e-01
9.329155435126784690e-01
9.219632564748009296e-01
9.318379735542877684e-01
9.117594327285114542e-01
8.978590851903199832e-01
8.854747035256889109e-01
9.001022293278263531e-01
8.854688134538831745e-01
8.502657322924102035e-01
8.496432803558736646e-01
8.090177055359817349e-01
7.959431627006333665e-01
7.746622826852449517e-01
7.567621426779498339e-01
7.442531364302032992e-01
7.393602402257759554e-01
7.269173365959118449e-01
7.182602431490908712e-01
7.029302251996842887e-01
7.046946443433378393e-01
6.993763525148867233e-01
6.910018559447153041e-01
6.813547783878158848e-01
6.838598910758826310e-01
6.709574155473814194e-01
6.598917739884700984e-01
6.506101675525830519e-01
6.465946760147908146e-01
6.406523481876267301e-01
6.520813863548021727e-01
6.467177350717960849e-01
6.147865747390784952e-01
6.073473108458019576e-01
6.016596571187959874e-01
6.032210405326519087e-01
6.040517747524640768e-01
6.046940673561452817e-01
6.270815816514888619e-01
6.259736514172395960e-01
6.760902653744838009e-01
6.957479359193553536e-01
6.778360266480476515e-01
6.957087726332772393e-01
7.025340536416284642e-01
0.000000000000000000e+00
0.000000000000000000e+00
0.000000000000000000e+00
0.000000000000000000e+00
0.000000000000000000e+00
0.000000000000000000e+00
0.000000000000000000e+00
0.000000000000000000e+00
0.000000000000000000e+00
0.000000000000000000e+00
0.000000000000000000e+00
0.000000000000000000e+00
0.000000000000000000e+00
0.000000000000000000e+00
0.000000000000000000e+00
0.000000000000000000e+00
0.000000000000000000e+00
0.000000000000000000e+00
0.000000000000000000e+00
0.000000000000000000e+00
0.000000000000000000e+00
0.000000000000000000e+00
0.000000000000000000e+00
0.000000000000000000e+00
0.000000000000000000e+00
0.000000000000000000e+00
0.000000000000000000e+00
0.000000000000000000e+00
0.000000000000000000e+00
