0.000000000000000000e+00
0.000000000000000000e+00
0.000000000000000000e+00
0.000000000000000000e+00
0.000000000000000000e+00
0.000000000000000000e+00
0.000000000000000000e+00
0.000000000000000000e+00
0.000000000000000000e+00
0.000000000000000000e+00
0.000000000000000000e+00
0.000000000000000000e+00
0.000000000000000000e+00
0.000000000000000000e+00
0.000000000000000000e+00
0.000000000000000000e+00
0.000000000000000000e+00
0.000000000000000000e+00
0.000000000000000000e+00
0.000000000000000000e+00
0.000000000000000000e+00
0.000000000000000000e+00
0.000000000000000000e+00
1.000000000000000000e+00
9.141522625367353161e-01
9.124245717622886387e-01
8.856540669396426591e-01
8.903310239127458781e-01
8.719992230367626940e-01
8.764169905214369560e-01
8.664753039019189584e-01
8.618083302667323142e-01
8.251847031016962264e-01
8.020011992843432136e-01
8.305825605805530198e-01
8.052431504734846035e-01
7.596063228681013690e-01
7.349399755521442978e-01
6.943626655444709028e-01
6.748899746072734018e-01
6.551392775796209822e-01
6.412054006967246034e-01
6.195849422288510766e-01
6.077410131705828222e-01
6.025527313863402457e-01
5.920368458999527572e-01
5.803730694025506232e-01
5.794179609017614530e-01
5.735854109957767566e-01
5.691121282824811445e-01
5.647169771837325936e-01
5.591287800146227394e-01
5.569066937263106309e-01
5.534552800696798114e-01
5.479953072931509350e-01
5.477795794552173803e-01
5.530512553091954109e-01
5.520558780008419930e-01
5.659334288686913572e-01
5.268283811407326045e-01
5.374018669857432151e-01
5.547797646566280383e-01
5.696642065503279007e-01
5.866961199081284217e-01
6.147357937772331971e-01
6.428704921705027386e-01
6.626919766110264121e-01
7.242814635576226845e-01
7.553514178019443692e-01
7.239291167851947817e-01
7.617996158867411660e-01
8.082741277366567445e-01
0.000000000000000000e+00
0.000000000000000000e+00
0.000000000000000000e+00
0.000000000000000000e+00
0.000000000000000000e+00
0.000000000000000000e+00
0.000000000000000000e+00
0.000000000000000000e+00
0.000000000000000000e+00
0.000000000000000000e+00
0.000000000000000000e+00
0.000000000000000000e+00
0.000000000000000000e+00
0.000000000000000000e+00
0.000000000000000000e+00
0.000000000000000000e+00
0.000000000000000000e+00
0.000000000000000000e+00
0.000000000000000000e+00
0.000000000000000000e+00
0.000000000000000000e+00
0.000000000000000000e+00
0.000000000000000000e+00
0.000000000000000000e+00
0.000000000000000000e+00
0.000000000000000000e+00
0.000000000000000000e+00
0.000000000000000000e+00
0.000000000000000000e+00
