0.000000000000000000e+00
0.000000000000000000e+00
0.000000000000000000e+00
0.000000000000000000e+00
0.000000000000000000e+00
0.000000000000000000e+00
0.000000000000000000e+00
0.000000000000000000e+00
0.000000000000000000e+00
0.000000000000000000e+00
0.000000000000000000e+00
0.000000000000000000e+00
0.000000000000000000e+00
0.000000000000000000e+00
0.000000000000000000e+00
0.000000000000000000e+00
0.000000000000000000e+00
0.000000000000000000e+00
0.000000000000000000e+00
0.000000000000000000e+00
0.000000000000000000e+00
0.000000000000000000e+00
1.000000000000000000e+00
9.599777562698088573e-01
9.111246290304219064e-01
9.006254357797572885e-01
9.047722730265501667e-01
9.212512864330001383e-01
9.454502322189344277e-01
9.282731086786789598e-01
9.492979570313576643e-01
9.223795166479130669e-01
9.071447638458927099e-01
9.157584261710434159e-01
9.296278597742579919e-01
9.119176403570632417e-01
8.670047441889577877e-01
8.660841742488960548e-01
8.249554219563532964e-01
8.185336176194912827e-01
7.890135389155492618e-01
7.679735429388163670e-01
7.607547497562203720e-01
7.544371141331653874e-01
7.419840563295743152e-01
7.320294757447450840e-01
7.227784848837913723e-01
7.229364847516288606e-01
7.161521622160230693e-01
7.095659926206610013e-01
6.991477483276992144e-01
7.021927722990704002e-01
6.850600611412571705e-01
6.786997060267246917e-01
6.711224005609991439e-01
6.646699959203213881e-01
6.611682022968595751e-01
6.687046215781430325e-01
6.619682105437085795e-01
6.282138966098977928e-01
6.185815170521050677e-01
6.148206852732749361e-01
6.156998367891483026e-01
6.171672361474790369e-01
6.121660470231918838e-01
6.347980384150648803e-01
6.354973960781419295e-01
6.815835170827256873e-01
7.012398773777032135e-01
6.778858883814614655e-01
6.911330737639596045e-01
7.067024094952060187e-01
0.000000000000000000e+00
0.000000000000000000e+00
0.000000000000000000e+00
0.000000000000000000e+00
0.000000000000000000e+00
0.000000000000000000e+00
0.000000000000000000e+00
0.000000000000000000e+00
0.000000000000000000e+00
0.000000000000000000e+00
0.000000000000000000e+00
0.000000000000000000e+00
0.000000000000000000e+00
0.000000000000000000e+00
0.000000000000000000e+00
0.000000000000000000e+00
0.000000000000000000e+00
0.000000000000000000e+00
0.000000000000000000e+00
0.000000000000000000e+00
0.000000000000000000e+00
0.000000000000000000e+00
0.000000000000000000e+00
0.000000000000000000e+00
0.000000000000000000e+00
0.000000000000000000e+00
0.000000000000000000e+00
0.000000000000000000e+00
0.000000000000000000e+00
