0.000000000000000000e+00
0.000000000000000000e+00
0.000000000000000000e+00
0.000000000000000000e+00
0.000000000000000000e+00
0.000000000000000000e+00
0.000000000000000000e+00
0.000000000000000000e+00
0.000000000000000000e+00
0.000000000000000000e+00
0.000000000000000000e+00
0.000000000000000000e+00
0.000000000000000000e+00
0.000000000000000000e+00
0.000000000000000000e+00
0.000000000000000000e+00
0.000000000000000000e+00
0.000000000000000000e+00
0.000000000000000000e+00
0.000000000000000000e+00
0.000000000000000000e+00
0.000000000000000000e+00
1.000000000000000000e+00
9.293395074026867819e-01
8.779008990953929281e-01
8.616431349381132865e-01
8.891268581131684945e-01
8.833435672320603116e-01
9.135751441824414565e-01
9.096238265723506355e-01
9.479118871265550528e-01
9.034565930764869579e-01
9.004821057947771656e-01
9.016289223175480982e-01
9.123530077643318137e-01
9.036541695364632698e-01
8.630066881629422371e-01
8.682866193332453575e-01
8.489828014390976563e-01
8.350408592501369354e-01
8.067680349528565387e-01
7.931654079520639167e-01
7.684345698868342289e-01
7.726323791059548363e-01
7.605161358727013932e-01
7.512472334282351838e-01
7.397579981029629437e-01
7.468220450253765241e-01
7.444742454725402636e-01
7.382794733888351502e-01
7.282196975466520561e-01
7.415792502007527709e-01
7.297017784462399570e-01
7.134674083945397038e-01
7.084759847417361200e-01
7.003730501065187353e-01
7.008724623522808450e-01
7.034308900594608005e-01
7.057657237849670473e-01
6.925040110949602923e-01
6.756497559464754721e-01
6.741400791957700145e-01
6.838318514542384152e-01
6.895817981856315892e-01
6.889228312170448953e-01
7.167827560469515191e-01
7.277718955482929131e-01
7.587391920253659938e-01
7.823938240480626805e-01
7.660878100599236573e-01
7.536649572009279652e-01
7.920613731448050698e-01
0.000000000000000000e+00
0.000000000000000000e+00
0.000000000000000000e+00
0.000000000000000000e+00
0.000000000000000000e+00
0.000000000000000000e+00
0.000000000000000000e+00
0.000000000000000000e+00
0.000000000000000000e+00
0.000000000000000000e+00
0.000000000000000000e+00
0.000000000000000000e+00
0.000000000000000000e+00
0.000000000000000000e+00
0.000000000000000000e+00
0.000000000000000000e+00
0.000000000000000000e+00
0.000000000000000000e+00
0.000000000000000000e+00
0.000000000000000000e+00
0.000000000000000000e+00
0.000000000000000000e+00
0.000000000000000000e+00
0.000000000000000000e+00
0.000000000000000000e+00
0.000000000000000000e+00
0.000000000000000000e+00
0.000000000000000000e+00
0.000000000000000000e+00
