0.000000000000000000e+00
0.000000000000000000e+00
0.000000000000000000e+00
0.000000000000000000e+00
0.000000000000000000e+00
0.000000000000000000e+00
0.000000000000000000e+00
0.000000000000000000e+00
0.000000000000000000e+00
0.000000000000000000e+00
0.000000000000000000e+00
0.000000000000000000e+00
0.000000000000000000e+00
0.000000000000000000e+00
0.000000000000000000e+00
0.000000000000000000e+00
0.000000000000000000e+00
0.000000000000000000e+00
0.000000000000000000e+00
0.000000000000000000e+00
0.000000000000000000e+00
0.000000000000000000e+00
0.000000000000000000e+00
9.457849616248440450e-01
9.005171278369772381e-01
1.000000000000000000e+00
9.201881976658481399e-01
8.483373879546751706e-01
7.943760895611623463e-01
8.004859478315051735e-01
7.837501729456898270e-01
7.642688591656361385e-01
7.426970007902626847e-01
7.277197219126144700e-01
7.516350307512780216e-01
7.180474211745832003e-01
7.026777991173999149e-01
6.809240209719109593e-01
6.482183165213382114e-01
6.257792348659260151e-01
6.111787573943605612e-01
6.042290430784376110e-01
5.803964536936295771e-01
5.617025214726921734e-01
5.555692195509248643e-01
5.473365909937117912e-01
5.337592264340869086e-01
5.252161897670629687e-01
5.211263980916052141e-01
5.168036472099462042e-01
5.098555860819876662e-01
5.034817165994727173e-01
4.966254644325879264e-01
4.888468669322714732e-01
4.809160134951229182e-01
4.774372745928352479e-01
4.749815220234718249e-01
4.766082577359315731e-01
4.803568000317501863e-01
4.494032331861025353e-01
4.538293045603971065e-01
4.615060673498734833e-01
4.685192374224554368e-01
4.753705589637199913e-01
4.904525716512045941e-01
5.141362444610815263e-01
5.330570477657098349e-01
5.437425262881029342e-01
5.993578269176234041e-01
5.821843986360240031e-01
6.068187160582158013e-01
6.328277792337243524e-01
0.000000000000000000e+00
0.000000000000000000e+00
0.000000000000000000e+00
0.000000000000000000e+00
0.000000000000000000e+00
0.000000000000000000e+00
0.000000000000000000e+00
0.000000000000000000e+00
0.000000000000000000e+00
0.000000000000000000e+00
0.000000000000000000e+00
0.000000000000000000e+00
0.000000000000000000e+00
0.000000000000000000e+00
0.000000000000000000e+00
0.000000000000000000e+00
0.000000000000000000e+00
0.000000000000000000e+00
0.000000000000000000e+00
0.000000000000000000e+00
0.000000000000000000e+00
0.000000000000000000e+00
0.000000000000000000e+00
0.000000000000000000e+00
0.000000000000000000e+00
0.000000000000000000e+00
0.000000000000000000e+00
0.000000000000000000e+00
0.000000000000000000e+00
