0.000000000000000000e+00
0.000000000000000000e+00
0.000000000000000000e+00
0.000000000000000000e+00
0.000000000000000000e+00
0.000000000000000000e+00
0.000000000000000000e+00
0.000000000000000000e+00
0.000000000000000000e+00
0.000000000000000000e+00
0.000000000000000000e+00
0.000000000000000000e+00
0.000000000000000000e+00
0.000000000000000000e+00
0.000000000000000000e+00
0.000000000000000000e+00
0.000000000000000000e+00
0.000000000000000000e+00
0.000000000000000000e+00
0.000000000000000000e+00
0.000000000000000000e+00
0.000000000000000000e+00
0.000000000000000000e+00
9.728771655716906830e-01
8.790836506298137509e-01
8.966231441458341056e-01
8.941036851663199947e-01
9.181423102386425672e-01
9.126091557408104737e-01
9.434258212473025651e-01
9.366391251263573858e-01
9.836433516638345420e-01
9.645242629680170765e-01
9.487232645930478991e-01
1.000000000000000000e+00
9.929794386095794900e-01
9.725780409069706423e-01
9.525493905463177091e-01
9.493269924699450080e-01
9.586132123920635406e-01
8.987335846765027725e-01
8.979061877486976817e-01
8.896063126235894680e-01
8.798130893162905419e-01
8.829204225720882482e-01
8.834651239663742217e-01
8.829106755969122755e-01
8.919898288621430638e-01
8.953066873133049830e-01
9.147147432542096501e-01
8.951021272303686382e-01
9.100881055838403455e-01
8.754847579444591243e-01
8.702519731704091432e-01
8.250526534997765227e-01
8.193356970030584163e-01
7.905207423022495572e-01
7.806583455214705092e-01
7.452864219809141044e-01
8.111514607699572554e-01
8.067798140834986365e-01
8.158723265453177165e-01
8.157006034315712473e-01
8.278003741454502684e-01
8.385100059173157261e-01
8.530856752224189599e-01
8.995393056481547633e-01
8.951661700816649914e-01
9.161194900769089600e-01
8.956897927611950916e-01
9.398106369225133205e-01
9.546208890996321639e-01
0.000000000000000000e+00
0.000000000000000000e+00
0.000000000000000000e+00
0.000000000000000000e+00
0.000000000000000000e+00
0.000000000000000000e+00
0.000000000000000000e+00
0.000000000000000000e+00
0.000000000000000000e+00
0.000000000000000000e+00
0.000000000000000000e+00
0.000000000000000000e+00
0.000000000000000000e+00
0.000000000000000000e+00
0.000000000000000000e+00
0.000000000000000000e+00
0.000000000000000000e+00
0.000000000000000000e+00
0.000000000000000000e+00
0.000000000000000000e+00
0.000000000000000000e+00
0.000000000000000000e+00
0.000000000000000000e+00
0.000000000000000000e+00
0.000000000000000000e+00
0.000000000000000000e+00
0.000000000000000000e+00
0.000000000000000000e+00
0.000000000000000000e+00
