0.000000000000000000e+00
0.000000000000000000e+00
0.000000000000000000e+00
0.000000000000000000e+00
0.000000000000000000e+00
0.000000000000000000e+00
0.000000000000000000e+00
0.000000000000000000e+00
0.000000000000000000e+00
0.000000000000000000e+00
0.000000000000000000e+00
0.000000000000000000e+00
0.000000000000000000e+00
0.000000000000000000e+00
0.000000000000000000e+00
0.000000000000000000e+00
0.000000000000000000e+00
0.000000000000000000e+00
0.000000000000000000e+00
0.000000000000000000e+00
0.000000000000000000e+00
0.000000000000000000e+00
8.809214585189214519e-01
9.060700168882166450e-01
8.706564183580314253e-01
9.111051187323995215e-01
9.362657989028239092e-01
9.456511872334099067e-01
9.554549059257761989e-01
9.792183416009916375e-01
9.823589554111901156e-01
9.990939433685556148e-01
1.000000000000000000e+00
9.976764157495306984e-01
9.827912797610556250e-01
9.878459413734312911e-01
9.692948519211372904e-01
9.546505655681813973e-01
9.476381227336773128e-01
9.380783884613038692e-01
9.349616997089617021e-01
9.265358522013030784e-01
9.183630836518170693e-01
9.215775520996200010e-01
9.260416780041715867e-01
9.308300129681406077e-01
9.222579324925274102e-01
9.236743065850429035e-01
9.224701792620827456e-01
9.188203455117662788e-01
9.177289113986835112e-01
9.219423678235653119e-01
9.006167410691727770e-01
9.113023364246020108e-01
9.013033940903474317e-01
9.016975533275581878e-01
9.077852465097556722e-01
9.166752754045980334e-01
9.163807562598366152e-01
9.093588888658930003e-01
9.154850153403107926e-01
9.183213681437241149e-01
9.133368408526969517e-01
9.213660644731550553e-01
9.187271890351540460e-01
9.250002785199213928e-01
9.279645717773786773e-01
9.739713042878634930e-01
9.667330927763633230e-01
9.943978921722053110e-01
9.186829718464762928e-01
9.931387248572923765e-01
9.937819922791183425e-01
0.000000000000000000e+00
0.000000000000000000e+00
0.000000000000000000e+00
0.000000000000000000e+00
0.000000000000000000e+00
0.000000000000000000e+00
0.000000000000000000e+00
0.000000000000000000e+00
0.000000000000000000e+00
0.000000000000000000e+00
0.000000000000000000e+00
0.000000000000000000e+00
0.000000000000000000e+00
0.000000000000000000e+00
0.000000000000000000e+00
0.000000000000000000e+00
0.000000000000000000e+00
0.000000000000000000e+00
0.000000000000000000e+00
0.000000000000000000e+00
0.000000000000000000e+00
0.000000000000000000e+00
0.000000000000000000e+00
0.000000000000000000e+00
0.000000000000000000e+00
0.000000000000000000e+00
0.000000000000000000e+00
0.000000000000000000e+00
