0.000000000000000000e+00
0.000000000000000000e+00
0.000000000000000000e+00
0.000000000000000000e+00
0.000000000000000000e+00
0.000000000000000000e+00
0.000000000000000000e+00
0.000000000000000000e+00
0.000000000000000000e+00
0.000000000000000000e+00
0.000000000000000000e+00
0.000000000000000000e+00
0.000000000000000000e+00
0.000000000000000000e+00
0.000000000000000000e+00
0.000000000000000000e+00
0.000000000000000000e+00
0.000000000000000000e+00
0.000000000000000000e+00
0.000000000000000000e+00
0.000000000000000000e+00
0.000000000000000000e+00
4.125852783291891202e-01
4.411345985868366237e-01
4.155621778352188156e-01
4.306270319532269908e-01
4.626024714000726012e-01
4.767980683251938356e-01
4.944701906235675071e-01
5.045565726941335649e-01
5.158063088541573471e-01
5.325860938446375092e-01
5.410132547011259341e-01
5.686738382904720224e-01
5.721584561586166018e-01
5.757663411971858380e-01
5.774185578881149139e-01
5.947488573613562979e-01
5.813504169106293862e-01
5.850526174329913065e-01
5.711032986713465709e-01
5.915362691375531945e-01
5.953607251178395510e-01
6.026420607977132082e-01
6.066103268710417717e-01
6.184332942173570435e-01
6.290729268894668103e-01
6.381331441382069869e-01
6.422857012351240735e-01
6.529929464165493691e-01
6.666670310572085922e-01
6.792602292943239473e-01
6.886054531904057807e-01
7.167232258036417836e-01
7.190328193742470120e-01
7.371581852570724402e-01
7.501344817420650957e-01
7.648771349494490890e-01
7.640944684538264475e-01
7.722069256005582583e-01
7.817293612191419383e-01
7.993532023565410594e-01
8.039419649823111858e-01
8.243778681624052140e-01
8.310221242954698440e-01
8.450902453925140945e-01
8.583832648533190612e-01
9.145837218098529231e-01
9.125705463301886367e-01
9.393534269926101521e-01
8.872437909660575439e-01
9.901343222290939217e-01
1.000000000000000000e+00
0.000000000000000000e+00
0.000000000000000000e+00
0.000000000000000000e+00
0.000000000000000000e+00
0.000000000000000000e+00
0.000000000000000000e+00
0.000000000000000000e+00
0.000000000000000000e+00
0.000000000000000000e+00
0.000000000000000000e+00
0.000000000000000000e+00
0.000000000000000000e+00
0.000000000000000000e+00
0.000000000000000000e+00
0.000000000000000000e+00
0.000000000000000000e+00
0.000000000000000000e+00
0.000000000000000000e+00
0.000000000000000000e+00
0.000000000000000000e+00
0.000000000000000000e+00
0.000000000000000000e+00
0.000000000000000000e+00
0.000000000000000000e+00
0.000000000000000000e+00
0.000000000000000000e+00
0.000000000000000000e+00
0.000000000000000000e+00
