0.000000000000000000e+00
0.000000000000000000e+00
0.000000000000000000e+00
0.000000000000000000e+00
0.000000000000000000e+00
0.000000000000000000e+00
0.000000000000000000e+00
0.000000000000000000e+00
0.000000000000000000e+00
0.000000000000000000e+00
0.000000000000000000e+00
0.000000000000000000e+00
0.000000000000000000e+00
0.000000000000000000e+00
0.000000000000000000e+00
0.000000000000000000e+00
0.000000000000000000e+00
0.000000000000000000e+00
0.000000000000000000e+00
0.000000000000000000e+00
0.000000000000000000e+00
0.000000000000000000e+00
0.000000000000000000e+00
9.497869619815377806e-01
8.507358721380317013e-01
8.886895262035101606e-01
8.600219670704768449e-01
8.977619355586673455e-01
8.918917562402208787e-01
9.205346512920848934e-01
9.145994213501178471e-01
9.756506398780343536e-01
9.571807730098129685e-01
9.313027242286466834e-01
9.895787775783094764e-01
9.952449784843991898e-01
9.830090612050171872e-01
9.548263906362872699e-01
9.561234080970636429e-01
9.422455730168707300e-01
9.292237600136253883e-01
9.270794733601993576e-01
9.203312473596437782e-01
9.076697576722773109e-01
9.057781075918514002e-01
9.003526527606018348e-01
9.082879995952322094e-01
9.245097473718016934e-01
9.394375763924636136e-01
9.342658104050485246e-01
9.361855299804986430e-01
9.258630901309796712e-01
9.200122867784568115e-01
9.064944047071761268e-01
9.082230639607370426e-01
9.054372573354719789e-01
9.031643718356057171e-01
9.026782838162410449e-01
8.923337610146753196e-01
8.724432132404111861e-01
8.718220706568318157e-01
8.841284764415155983e-01
8.747891692244144091e-01
8.894522621764862080e-01
9.069662170471770590e-01
9.195105191215531271e-01
9.476927603416642754e-01
9.537706413133731909e-01
9.646384419333540183e-01
9.458998346101357146e-01
9.603717270524181338e-01
1.000000000000000000e+00
0.000000000000000000e+00
0.000000000000000000e+00
0.000000000000000000e+00
0.000000000000000000e+00
0.000000000000000000e+00
0.000000000000000000e+00
0.000000000000000000e+00
0.000000000000000000e+00
0.000000000000000000e+00
0.000000000000000000e+00
0.000000000000000000e+00
0.000000000000000000e+00
0.000000000000000000e+00
0.000000000000000000e+00
0.000000000000000000e+00
0.000000000000000000e+00
0.000000000000000000e+00
0.000000000000000000e+00
0.000000000000000000e+00
0.000000000000000000e+00
0.000000000000000000e+00
0.000000000000000000e+00
0.000000000000000000e+00
0.000000000000000000e+00
0.000000000000000000e+00
0.000000000000000000e+00
0.000000000000000000e+00
0.000000000000000000e+00
0.000000000000000000e+00
