0.000000000000000000e+00
0.000000000000000000e+00
0.000000000000000000e+00
0.000000000000000000e+00
0.000000000000000000e+00
0.000000000000000000e+00
0.000000000000000000e+00
0.000000000000000000e+00
0.000000000000000000e+00
0.000000000000000000e+00
0.000000000000000000e+00
0.000000000000000000e+00
0.000000000000000000e+00
0.000000000000000000e+00
0.000000000000000000e+00
0.000000000000000000e+00
0.000000000000000000e+00
0.000000000000000000e+00
0.000000000000000000e+00
0.000000000000000000e+00
0.000000000000000000e+00
0.000000000000000000e+00
8.709701301773467019e-01
8.611100632152360879e-01
8.413038320956972571e-01
8.652570180939480604e-01
8.707007760763828541e-01
8.643511225098307049e-01
9.051131315113539744e-01
9.127253671466247775e-01
9.246085386679805396e-01
9.318652289296414093e-01
9.270769206445295119e-01
9.652974498274283777e-01
9.507573232023057708e-01
9.444883011710759613e-01
9.302758173471806780e-01
9.204846759570023407e-01
8.843657091541518023e-01
8.866627832262528042e-01
8.770686937197109678e-01
8.798706544428935850e-01
8.676183818723122165e-01
8.691062626404281177e-01
8.855842494144072763e-01
8.841144323899469137e-01
8.846526070357085825e-01
8.934939496633893530e-01
8.839316036513193975e-01
9.006562439025734834e-01
8.923136803176714427e-01
9.097145236316420691e-01
8.924753123936786103e-01
9.109380968500774278e-01
8.873310990397680342e-01
8.988634502404239113e-01
8.854085774624768090e-01
9.006590077348152201e-01
8.774750254036791652e-01
8.735294776623432345e-01
8.601086085124711733e-01
8.651967926217805083e-01
8.563529165262537823e-01
8.869884011157295189e-01
8.820354182750697047e-01
9.049485603676047374e-01
9.103375206092180205e-01
9.208233758346809905e-01
9.554287772898725217e-01
1.000000000000000000e+00
8.836033854173898083e-01
9.743619018987126346e-01
9.589626267264902415e-01
0.000000000000000000e+00
0.000000000000000000e+00
0.000000000000000000e+00
0.000000000000000000e+00
0.000000000000000000e+00
0.000000000000000000e+00
0.000000000000000000e+00
0.000000000000000000e+00
0.000000000000000000e+00
0.000000000000000000e+00
0.000000000000000000e+00
0.000000000000000000e+00
0.000000000000000000e+00
0.000000000000000000e+00
0.000000000000000000e+00
0.000000000000000000e+00
0.000000000000000000e+00
0.000000000000000000e+00
0.000000000000000000e+00
0.000000000000000000e+00
0.000000000000000000e+00
0.000000000000000000e+00
0.000000000000000000e+00
0.000000000000000000e+00
0.000000000000000000e+00
0.000000000000000000e+00
0.000000000000000000e+00
0.000000000000000000e+00
