0.000000000000000000e+00
0.000000000000000000e+00
0.000000000000000000e+00
0.000000000000000000e+00
0.000000000000000000e+00
0.000000000000000000e+00
0.000000000000000000e+00
0.000000000000000000e+00
0.000000000000000000e+00
0.000000000000000000e+00
0.000000000000000000e+00
0.000000000000000000e+00
0.000000000000000000e+00
0.000000000000000000e+00
0.000000000000000000e+00
0.000000000000000000e+00
0.000000000000000000e+00
0.000000000000000000e+00
0.000000000000000000e+00
0.000000000000000000e+00
0.000000000000000000e+00
9.841953204209232808e-01
1.000000000000000000e+00
9.713949167792850226e-01
9.602010061108081640e-01
9.617514860150521150e-01
9.748897410620560589e-01
9.785139233458477470e-01
9.710669838661941666e-01
9.917649711679096258e-01
9.949766228203167362e-01
9.802285768735010674e-01
9.436382388319439762e-01
9.586529342035342571e-01
9.189492961310233854e-01
9.186749617407530266e-01
8.891310554147262568e-01
8.801969411125045717e-01
8.559485482473578877e-01
8.616656423971481571e-01
8.306363848478870437e-01
8.427338010048956995e-01
8.090662731453269751e-01
8.097911736581334674e-01
7.863841156227475704e-01
7.869463119196470346e-01
7.531669313108215746e-01
7.605479220961828268e-01
7.316844248685208107e-01
7.398274636082320388e-01
6.994284662605320113e-01
7.036762913399118302e-01
6.702450309982674881e-01
6.879641618109141321e-01
6.541128242035305629e-01
6.617780927644720812e-01
6.326520765973295823e-01
6.376932245313549075e-01
6.159731001492565472e-01
6.152067289136664563e-01
5.894866005094810957e-01
5.865765919603495027e-01
5.592801766665592700e-01
5.538800357366827631e-01
5.439913801426518036e-01
5.457839534113905211e-01
5.286476951940135560e-01
5.487634669510101926e-01
5.268937730567682109e-01
5.328621384928495797e-01
5.382689430912360740e-01
5.404877094358359058e-01
5.251952968406201627e-01
0.000000000000000000e+00
0.000000000000000000e+00
0.000000000000000000e+00
0.000000000000000000e+00
0.000000000000000000e+00
0.000000000000000000e+00
0.000000000000000000e+00
0.000000000000000000e+00
0.000000000000000000e+00
0.000000000000000000e+00
0.000000000000000000e+00
0.000000000000000000e+00
0.000000000000000000e+00
0.000000000000000000e+00
0.000000000000000000e+00
0.000000000000000000e+00
0.000000000000000000e+00
0.000000000000000000e+00
0.000000000000000000e+00
0.000000000000000000e+00
0.000000000000000000e+00
0.000000000000000000e+00
0.000000000000000000e+00
0.000000000000000000e+00
0.000000000000000000e+00
0.000000000000000000e+00
0.000000000000000000e+00
0.000000000000000000e+00
