0.000000000000000000e+00
0.000000000000000000e+00
0.000000000000000000e+00
0.000000000000000000e+00
0.000000000000000000e+00
0.000000000000000000e+00
0.000000000000000000e+00
0.000000000000000000e+00
0.000000000000000000e+00
0.000000000000000000e+00
0.000000000000000000e+00
0.000000000000000000e+00
0.000000000000000000e+00
0.000000000000000000e+00
0.000000000000000000e+00
0.000000000000000000e+00
0.000000000000000000e+00
0.000000000000000000e+00
0.000000000000000000e+00
0.000000000000000000e+00
0.000000000000000000e+00
0.000000000000000000e+00
0.000000000000000000e+00
9.953709924046980628e-01
9.585019866620397844e-01
9.542388881957545310e-01
9.589324171788216056e-01
9.638402717710748968e-01
9.717354528353445708e-01
9.945610120800908449e-01
9.900124223367816612e-01
1.000000000000000000e+00
9.791733776327428140e-01
9.579383847097274751e-01
9.724738432064593541e-01
9.523559894943532944e-01
9.215226363654139830e-01
9.129600791982398489e-01
8.903622824263456303e-01
8.653903956494537475e-01
8.393444263347844547e-01
8.326804078060331404e-01
8.199638851464597922e-01
8.062191189957698123e-01
7.981781249258913524e-01
7.959594286362837723e-01
7.906220644182092583e-01
7.844262146738004704e-01
7.909283825108074373e-01
7.820772312483474931e-01
7.752572051485502325e-01
7.679817240931884337e-01
7.583806222044846557e-01
7.507646582502166543e-01
7.482592161659975538e-01
7.330188830381341170e-01
7.341054239770385959e-01
7.362435190526779305e-01
7.458673887368075794e-01
7.286902608671530501e-01
7.195079419211866112e-01
7.221962620121485932e-01
7.250518721894222418e-01
7.347071180382476197e-01
7.372815297327778294e-01
7.521491666759990702e-01
7.638305648218723931e-01
8.015381874476738000e-01
8.110322634720379398e-01
7.898894359212009775e-01
8.127514699705797874e-01
8.182950937231776578e-01
0.000000000000000000e+00
0.000000000000000000e+00
0.000000000000000000e+00
0.000000000000000000e+00
0.000000000000000000e+00
0.000000000000000000e+00
0.000000000000000000e+00
0.000000000000000000e+00
0.000000000000000000e+00
0.000000000000000000e+00
0.000000000000000000e+00
0.000000000000000000e+00
0.000000000000000000e+00
0.000000000000000000e+00
0.000000000000000000e+00
0.000000000000000000e+00
0.000000000000000000e+00
0.000000000000000000e+00
0.000000000000000000e+00
0.000000000000000000e+00
0.000000000000000000e+00
0.000000000000000000e+00
0.000000000000000000e+00
0.000000000000000000e+00
0.000000000000000000e+00
0.000000000000000000e+00
0.000000000000000000e+00
0.000000000000000000e+00
0.000000000000000000e+00
