0.000000000000000000e+00
0.000000000000000000e+00
0.000000000000000000e+00
0.000000000000000000e+00
0.000000000000000000e+00
0.000000000000000000e+00
0.000000000000000000e+00
0.000000000000000000e+00
0.000000000000000000e+00
0.000000000000000000e+00
0.000000000000000000e+00
0.000000000000000000e+00
0.000000000000000000e+00
0.000000000000000000e+00
0.000000000000000000e+00
0.000000000000000000e+00
0.000000000000000000e+00
0.000000000000000000e+00
0.000000000000000000e+00
0.000000000000000000e+00
0.000000000000000000e+00
0.000000000000000000e+00
0.000000000000000000e+00
1.000000000000000000e+00
9.145679475223581489e-01
9.186468932726453707e-01
9.325813164057794591e-01
9.273136881941005383e-01
9.141694236976964927e-01
9.233812280307563958e-01
9.325468983805824674e-01
9.430024475856290112e-01
9.064610047232314338e-01
8.776870185701272087e-01
9.164095196953214728e-01
8.849756762282837697e-01
8.451868207572363900e-01
8.286853256532031864e-01
8.025338356120341743e-01
7.843764053452086937e-01
7.554435035718116698e-01
7.400777438757013549e-01
7.179159127761690629e-01
7.083495966526184295e-01
6.981956303065725011e-01
6.886324961149004054e-01
6.820101387457319086e-01
6.739998146414264424e-01
6.653633742424930331e-01
6.657600714445682799e-01
6.555764305131450698e-01
6.486917756469330332e-01
6.435010728257184454e-01
6.304574430629450443e-01
6.280087027292560187e-01
6.272360026491690110e-01
6.289845154783152426e-01
6.418709532792200578e-01
6.325070608851008913e-01
6.097535222295257240e-01
6.065977789375984752e-01
6.150615585450714962e-01
6.154614657068991912e-01
6.235100570452279944e-01
6.390955791561054866e-01
6.541629729589218956e-01
6.913104169629342710e-01
6.968664710834754361e-01
7.272581477025309438e-01
6.879682180257477020e-01
7.240540993413281390e-01
7.510117020905054952e-01
0.000000000000000000e+00
0.000000000000000000e+00
0.000000000000000000e+00
0.000000000000000000e+00
0.000000000000000000e+00
0.000000000000000000e+00
0.000000000000000000e+00
0.000000000000000000e+00
0.000000000000000000e+00
0.000000000000000000e+00
0.000000000000000000e+00
0.000000000000000000e+00
0.000000000000000000e+00
0.000000000000000000e+00
0.000000000000000000e+00
0.000000000000000000e+00
0.000000000000000000e+00
0.000000000000000000e+00
0.000000000000000000e+00
0.000000000000000000e+00
0.000000000000000000e+00
0.000000000000000000e+00
0.000000000000000000e+00
0.000000000000000000e+00
0.000000000000000000e+00
0.000000000000000000e+00
0.000000000000000000e+00
0.000000000000000000e+00
0.000000000000000000e+00
