0.000000000000000000e+00
0.000000000000000000e+00
0.000000000000000000e+00
0.000000000000000000e+00
0.000000000000000000e+00
0.000000000000000000e+00
0.000000000000000000e+00
0.000000000000000000e+00
0.000000000000000000e+00
0.000000000000000000e+00
0.000000000000000000e+00
0.000000000000000000e+00
0.000000000000000000e+00
0.000000000000000000e+00
0.000000000000000000e+00
0.000000000000000000e+00
0.000000000000000000e+00
0.000000000000000000e+00
0.000000000000000000e+00
0.000000000000000000e+00
0.000000000000000000e+00
0.000000000000000000e+00
0.000000000000000000e+00
9.374402808809614296e-01
8.885576194735049782e-01
1.000000000000000000e+00
9.111883098375201939e-01
8.421232121408215310e-01
7.754941656775186098e-01
7.879022653696663436e-01
7.632158901355114988e-01
7.576651129899669712e-01
7.322116529122145723e-01
7.160240412758143158e-01
7.466831434583804938e-01
7.145042347093020219e-01
6.919455269372803974e-01
6.782376711592387197e-01
6.423824889468320309e-01
6.256900214799280269e-01
6.026603176724105726e-01
5.964113823411293369e-01
5.733800743041480574e-01
5.620509094606641609e-01
5.504998627837518477e-01
5.420463860635761355e-01
5.339633819645055457e-01
5.257995118963892933e-01
5.238007697414215347e-01
5.164375259660873851e-01
5.128416248284098922e-01
5.060970520669259010e-01
4.959037149521560162e-01
4.933640017942337308e-01
4.842083844630247214e-01
4.792264884002588321e-01
4.787570222939760978e-01
4.794138760904020913e-01
4.836284889008072851e-01
4.534438831401568781e-01
4.565901605299975685e-01
4.627177833117201988e-01
4.705708359163214283e-01
4.813744745708385953e-01
4.947322137766038685e-01
5.173251032893102508e-01
5.387365252724728437e-01
5.504724482714192790e-01
5.893106816558600913e-01
5.978292167444597682e-01
6.089082256217052125e-01
6.570198245660103797e-01
0.000000000000000000e+00
0.000000000000000000e+00
0.000000000000000000e+00
0.000000000000000000e+00
0.000000000000000000e+00
0.000000000000000000e+00
0.000000000000000000e+00
0.000000000000000000e+00
0.000000000000000000e+00
0.000000000000000000e+00
0.000000000000000000e+00
0.000000000000000000e+00
0.000000000000000000e+00
0.000000000000000000e+00
0.000000000000000000e+00
0.000000000000000000e+00
0.000000000000000000e+00
0.000000000000000000e+00
0.000000000000000000e+00
0.000000000000000000e+00
0.000000000000000000e+00
0.000000000000000000e+00
0.000000000000000000e+00
0.000000000000000000e+00
0.000000000000000000e+00
0.000000000000000000e+00
0.000000000000000000e+00
0.000000000000000000e+00
0.000000000000000000e+00
