0.000000000000000000e+00
0.000000000000000000e+00
0.000000000000000000e+00
0.000000000000000000e+00
0.000000000000000000e+00
0.000000000000000000e+00
0.000000000000000000e+00
0.000000000000000000e+00
0.000000000000000000e+00
0.000000000000000000e+00
0.000000000000000000e+00
0.000000000000000000e+00
0.000000000000000000e+00
0.000000000000000000e+00
0.000000000000000000e+00
0.000000000000000000e+00
0.000000000000000000e+00
0.000000000000000000e+00
0.000000000000000000e+00
0.000000000000000000e+00
0.000000000000000000e+00
0.000000000000000000e+00
0.000000000000000000e+00
1.000000000000000000e+00
9.360222783645393285e-01
9.168816963324896152e-01
9.077377931511457776e-01
9.194808887066869829e-01
9.157220927737980132e-01
9.278464940521686799e-01
9.266603946456148932e-01
9.434487462859253437e-01
9.174636462834584449e-01
8.916972993807650294e-01
9.209406689442123373e-01
9.089932780449845318e-01
8.617452444587244687e-01
8.452566139673075574e-01
8.139473187384569375e-01
8.019946457789098870e-01
7.731880673862412401e-01
7.631607662516640689e-01
7.398519535164669314e-01
7.251806603164477893e-01
7.269019460024862545e-01
7.054968316119690774e-01
7.073043321183163368e-01
7.044853870476173174e-01
7.002839520489544389e-01
6.940976054279756058e-01
6.851596150389436257e-01
6.836600934858466649e-01
6.709996886100573210e-01
6.623022766837562969e-01
6.578747374552182947e-01
6.604295044321689678e-01
6.614630862488692919e-01
6.769223324635144090e-01
6.646938085570283095e-01
6.381450611167985842e-01
6.387786291203341182e-01
6.474885280062647741e-01
6.505852630510249313e-01
6.612855934907192479e-01
6.819129264785345201e-01
6.912310434899753275e-01
7.315140605318355416e-01
7.393690911491878071e-01
7.709395410343720112e-01
7.301933449752322502e-01
7.688272197309155009e-01
7.980757208990718610e-01
0.000000000000000000e+00
0.000000000000000000e+00
0.000000000000000000e+00
0.000000000000000000e+00
0.000000000000000000e+00
0.000000000000000000e+00
0.000000000000000000e+00
0.000000000000000000e+00
0.000000000000000000e+00
0.000000000000000000e+00
0.000000000000000000e+00
0.000000000000000000e+00
0.000000000000000000e+00
0.000000000000000000e+00
0.000000000000000000e+00
0.000000000000000000e+00
0.000000000000000000e+00
0.000000000000000000e+00
0.000000000000000000e+00
0.000000000000000000e+00
0.000000000000000000e+00
0.000000000000000000e+00
0.000000000000000000e+00
0.000000000000000000e+00
0.000000000000000000e+00
0.000000000000000000e+00
0.000000000000000000e+00
0.000000000000000000e+00
0.000000000000000000e+00
