0.000000000000000000e+00
0.000000000000000000e+00
0.000000000000000000e+00
0.000000000000000000e+00
0.000000000000000000e+00
0.000000000000000000e+00
0.000000000000000000e+00
0.000000000000000000e+00
0.000000000000000000e+00
0.000000000000000000e+00
0.000000000000000000e+00
0.000000000000000000e+00
0.000000000000000000e+00
0.000000000000000000e+00
0.000000000000000000e+00
0.000000000000000000e+00
0.000000000000000000e+00
0.000000000000000000e+00
0.000000000000000000e+00
0.000000000000000000e+00
0.000000000000000000e+00
0.000000000000000000e+00
8.311990399396532725e-01
8.755858391966330201e-01
8.441230620355534287e-01
8.604103202913873094e-01
9.094974523899074237e-01
8.978891108523430198e-01
9.224032232413306165e-01
9.460445513306233734e-01
9.407856814821871083e-01
9.612243124633979008e-01
9.671397206044599626e-01
9.612886338381737561e-01
9.519526131673400338e-01
9.566583338576167828e-01
9.382654251509291443e-01
9.343531735109693592e-01
9.218529068358284340e-01
9.012845234863351429e-01
8.949295977923303891e-01
8.899002667846047654e-01
8.775210014229889444e-01
8.804572870298960074e-01
8.863855228793929841e-01
8.919834684070191422e-01
8.846894460119123504e-01
8.891611366766318802e-01
8.903591866596834992e-01
8.941651573688025323e-01
8.947771410077932641e-01
9.046273955584839266e-01
8.919061064855080545e-01
9.033076807119315710e-01
8.998117380200093551e-01
9.094923154177143587e-01
9.095937371544366989e-01
9.148031603517169374e-01
9.147706734215615976e-01
9.010295502324316974e-01
9.028834363411991637e-01
9.126844575146351168e-01
9.050025578173046537e-01
9.152793439109688789e-01
9.155516951801077052e-01
9.231835158797936369e-01
9.254855121917938687e-01
9.801634793982090255e-01
9.661972769035900299e-01
9.958335283843188224e-01
9.160488434651941070e-01
9.878293240674751452e-01
1.000000000000000000e+00
0.000000000000000000e+00
0.000000000000000000e+00
0.000000000000000000e+00
0.000000000000000000e+00
0.000000000000000000e+00
0.000000000000000000e+00
0.000000000000000000e+00
0.000000000000000000e+00
0.000000000000000000e+00
0.000000000000000000e+00
0.000000000000000000e+00
0.000000000000000000e+00
0.000000000000000000e+00
0.000000000000000000e+00
0.000000000000000000e+00
0.000000000000000000e+00
0.000000000000000000e+00
0.000000000000000000e+00
0.000000000000000000e+00
0.000000000000000000e+00
0.000000000000000000e+00
0.000000000000000000e+00
0.000000000000000000e+00
0.000000000000000000e+00
0.000000000000000000e+00
0.000000000000000000e+00
0.000000000000000000e+00
0.000000000000000000e+00
