0.000000000000000000e+00
0.000000000000000000e+00
0.000000000000000000e+00
0.000000000000000000e+00
0.000000000000000000e+00
0.000000000000000000e+00
0.000000000000000000e+00
0.000000000000000000e+00
0.000000000000000000e+00
0.000000000000000000e+00
0.000000000000000000e+00
0.000000000000000000e+00
0.000000000000000000e+00
0.000000000000000000e+00
0.000000000000000000e+00
0.000000000000000000e+00
0.000000000000000000e+00
0.000000000000000000e+00
0.000000000000000000e+00
0.000000000000000000e+00
0.000000000000000000e+00
0.000000000000000000e+00
6.964311836504292197e-01
6.815241360592951825e-01
6.531587729690059296e-01
6.672522332301185077e-01
6.616786762234376784e-01
6.679778407003357232e-01
7.049611281057223122e-01
7.137639407232876376e-01
7.109947006716612616e-01
7.301566224476696565e-01
7.233430780651948222e-01
7.276015885644524506e-01
7.561450216239949951e-01
7.542656750626194340e-01
7.561043393207869112e-01
7.395626115582965010e-01
7.353038956279118743e-01
7.244529926706539946e-01
7.081534391352869440e-01
7.076311196055293795e-01
7.053197234771706459e-01
6.955941362305416709e-01
7.009345500146952901e-01
7.022218732871399194e-01
7.055447559131807767e-01
7.093015252847194585e-01
7.094343389406700950e-01
7.155410792380471063e-01
7.262457371785240312e-01
7.267645467194363551e-01
7.306031691834325992e-01
7.397536872820683618e-01
7.321777624804367557e-01
7.343962321600632226e-01
7.403182428233074930e-01
7.574288668233569721e-01
7.705717395887251575e-01
7.534939993974056893e-01
7.464123169227655508e-01
7.628244432704471834e-01
7.762819721881820678e-01
7.995339358788716710e-01
8.182374491789802251e-01
8.544329245324272515e-01
8.748829318629522955e-01
9.174976203276200559e-01
9.501168432156338328e-01
9.350957436386408972e-01
9.866677108869631452e-01
1.000000000000000000e+00
0.000000000000000000e+00
0.000000000000000000e+00
0.000000000000000000e+00
0.000000000000000000e+00
0.000000000000000000e+00
0.000000000000000000e+00
0.000000000000000000e+00
0.000000000000000000e+00
0.000000000000000000e+00
0.000000000000000000e+00
0.000000000000000000e+00
0.000000000000000000e+00
0.000000000000000000e+00
0.000000000000000000e+00
0.000000000000000000e+00
0.000000000000000000e+00
0.000000000000000000e+00
0.000000000000000000e+00
0.000000000000000000e+00
0.000000000000000000e+00
0.000000000000000000e+00
0.000000000000000000e+00
0.000000000000000000e+00
0.000000000000000000e+00
0.000000000000000000e+00
0.000000000000000000e+00
0.000000000000000000e+00
0.000000000000000000e+00
0.000000000000000000e+00
