0.000000000000000000e+00
0.000000000000000000e+00
0.000000000000000000e+00
0.000000000000000000e+00
0.000000000000000000e+00
0.000000000000000000e+00
0.000000000000000000e+00
0.000000000000000000e+00
0.000000000000000000e+00
0.000000000000000000e+00
0.000000000000000000e+00
0.000000000000000000e+00
0.000000000000000000e+00
0.000000000000000000e+00
0.000000000000000000e+00
0.000000000000000000e+00
0.000000000000000000e+00
0.000000000000000000e+00
0.000000000000000000e+00
0.000000000000000000e+00
0.000000000000000000e+00
0.000000000000000000e+00
0.000000000000000000e+00
1.000000000000000000e+00
9.545556805806331147e-01
9.265427668126090532e-01
9.228010213232441528e-01
8.903436106296683805e-01
8.736287656348419306e-01
8.871322962350886021e-01
8.644152786081489293e-01
8.486781744216689294e-01
8.206490860420667666e-01
7.826635991445799467e-01
8.110577432266996567e-01
7.674565572863607521e-01
7.402163106789747538e-01
7.198026212884491848e-01
6.812266654257856935e-01
6.595859525445006977e-01
6.318765081938668704e-01
6.219384573615324152e-01
6.005448138481704889e-01
5.889339264093482740e-01
5.757430731113890587e-01
5.710577925176448799e-01
5.569946072789754288e-01
5.465183973507427018e-01
5.436859665532084440e-01
5.394892506574572311e-01
5.337733308037081459e-01
5.248691248820372968e-01
5.162868481657317821e-01
5.105606300419843757e-01
5.046721477119179289e-01
4.981458993881563990e-01
4.977107895836786478e-01
5.004131077344856626e-01
5.047802301440728057e-01
4.733837245854088382e-01
4.803372517327353375e-01
4.874988366571194054e-01
4.959465149386629301e-01
5.064620545088361903e-01
5.232943317248740511e-01
5.517517357026767710e-01
5.718409141701867870e-01
5.588965663889132740e-01
6.391368714909694271e-01
6.278400256180816097e-01
6.486160136096578155e-01
6.799638664301956847e-01
0.000000000000000000e+00
0.000000000000000000e+00
0.000000000000000000e+00
0.000000000000000000e+00
0.000000000000000000e+00
0.000000000000000000e+00
0.000000000000000000e+00
0.000000000000000000e+00
0.000000000000000000e+00
0.000000000000000000e+00
0.000000000000000000e+00
0.000000000000000000e+00
0.000000000000000000e+00
0.000000000000000000e+00
0.000000000000000000e+00
0.000000000000000000e+00
0.000000000000000000e+00
0.000000000000000000e+00
0.000000000000000000e+00
0.000000000000000000e+00
0.000000000000000000e+00
0.000000000000000000e+00
0.000000000000000000e+00
0.000000000000000000e+00
0.000000000000000000e+00
0.000000000000000000e+00
0.000000000000000000e+00
0.000000000000000000e+00
0.000000000000000000e+00
