0.000000000000000000e+00
0.000000000000000000e+00
0.000000000000000000e+00
0.000000000000000000e+00
0.000000000000000000e+00
0.000000000000000000e+00
0.000000000000000000e+00
0.000000000000000000e+00
0.000000000000000000e+00
0.000000000000000000e+00
0.000000000000000000e+00
0.000000000000000000e+00
0.000000000000000000e+00
0.000000000000000000e+00
0.000000000000000000e+00
0.000000000000000000e+00
0.000000000000000000e+00
0.000000000000000000e+00
0.000000000000000000e+00
0.000000000000000000e+00
0.000000000000000000e+00
0.000000000000000000e+00
9.849592714984303221e-01
9.334853765878786680e-01
9.008130970830023898e-01
9.262572464842335762e-01
9.103090825492656801e-01
9.188045798161361688e-01
9.395379297925680051e-01
9.646972777912898867e-01
9.539774421266684623e-01
9.768578678594427300e-01
9.664759405884059129e-01
9.502722274750274867e-01
1.000000000000000000e+00
9.887399688023120747e-01
9.593146836178298997e-01
9.666335020354926977e-01
9.427830941406265541e-01
9.219955627572027357e-01
8.933235755899217034e-01
8.899333527088121309e-01
8.755189173698333382e-01
8.654433411596834658e-01
8.616597898489106733e-01
8.589425006949562569e-01
8.527251984733931200e-01
8.522818919628784018e-01
8.466548881829484285e-01
8.452276568303636051e-01
8.439981835854797332e-01
8.356362236177061753e-01
8.220578698363980585e-01
8.196234760521837748e-01
8.113725288682613890e-01
8.071918037028030790e-01
8.069391009652846503e-01
8.158268603528039398e-01
8.303499962009579516e-01
8.061807106389284883e-01
7.815319975068867331e-01
7.815437719789464222e-01
7.828179020553672762e-01
7.898685422178020055e-01
7.954470919281821928e-01
8.270334664498574240e-01
8.421003958293488134e-01
8.297366951258716705e-01
8.503768120770544003e-01
7.696209177767187049e-01
7.765687728070768125e-01
8.259360480586328546e-01
6.904044479482416286e-01
0.000000000000000000e+00
0.000000000000000000e+00
0.000000000000000000e+00
0.000000000000000000e+00
0.000000000000000000e+00
0.000000000000000000e+00
0.000000000000000000e+00
0.000000000000000000e+00
0.000000000000000000e+00
0.000000000000000000e+00
0.000000000000000000e+00
0.000000000000000000e+00
0.000000000000000000e+00
0.000000000000000000e+00
0.000000000000000000e+00
0.000000000000000000e+00
0.000000000000000000e+00
0.000000000000000000e+00
0.000000000000000000e+00
0.000000000000000000e+00
0.000000000000000000e+00
0.000000000000000000e+00
0.000000000000000000e+00
0.000000000000000000e+00
0.000000000000000000e+00
0.000000000000000000e+00
0.000000000000000000e+00
0.000000000000000000e+00
