0.000000000000000000e+00
0.000000000000000000e+00
0.000000000000000000e+00
0.000000000000000000e+00
0.000000000000000000e+00
0.000000000000000000e+00
0.000000000000000000e+00
0.000000000000000000e+00
0.000000000000000000e+00
0.000000000000000000e+00
0.000000000000000000e+00
0.000000000000000000e+00
0.000000000000000000e+00
0.000000000000000000e+00
0.000000000000000000e+00
0.000000000000000000e+00
0.000000000000000000e+00
0.000000000000000000e+00
0.000000000000000000e+00
0.000000000000000000e+00
0.000000000000000000e+00
0.000000000000000000e+00
9.986746342920982400e-01
9.437409874659347109e-01
8.991966080441704534e-01
9.046325562921196939e-01
9.277532099716618852e-01
9.379731126965517030e-01
9.782881200472495209e-01
9.699963157813731307e-01
1.000000000000000000e+00
9.699096317935049782e-01
9.648688534218254897e-01
9.639881609895432080e-01
9.789535896643970503e-01
9.658521955597541009e-01
9.373574662728336726e-01
9.333221890735886594e-01
9.259292219601192864e-01
9.070413657443796573e-01
8.844064525095509666e-01
8.695101655318812073e-01
8.661300471452708649e-01
8.550386622073337106e-01
8.501445915550168708e-01
8.483722003936916556e-01
8.424190412744915202e-01
8.410830308371668451e-01
8.378582837265868832e-01
8.380095173118331520e-01
8.270339628198001281e-01
8.341159774143578343e-01
8.180868453833783915e-01
8.098812730607877208e-01
7.991126343237617835e-01
8.002344445420315200e-01
7.944144442096418013e-01
8.077428531955027635e-01
7.963760799017844949e-01
7.762891287677132768e-01
7.682705804306905195e-01
7.614216630597266944e-01
7.683353243511614750e-01
7.720753035155265565e-01
7.707103071773232505e-01
7.948127034335041863e-01
8.285289293443084402e-01
8.318104968038437796e-01
8.489579485370872813e-01
8.199789298668743731e-01
8.396908897088146695e-01
8.545293689688947536e-01
0.000000000000000000e+00
0.000000000000000000e+00
0.000000000000000000e+00
0.000000000000000000e+00
0.000000000000000000e+00
0.000000000000000000e+00
0.000000000000000000e+00
0.000000000000000000e+00
0.000000000000000000e+00
0.000000000000000000e+00
0.000000000000000000e+00
0.000000000000000000e+00
0.000000000000000000e+00
0.000000000000000000e+00
0.000000000000000000e+00
0.000000000000000000e+00
0.000000000000000000e+00
0.000000000000000000e+00
0.000000000000000000e+00
0.000000000000000000e+00
0.000000000000000000e+00
0.000000000000000000e+00
0.000000000000000000e+00
0.000000000000000000e+00
0.000000000000000000e+00
0.000000000000000000e+00
0.000000000000000000e+00
0.000000000000000000e+00
0.000000000000000000e+00
