0.000000000000000000e+00
0.000000000000000000e+00
0.000000000000000000e+00
0.000000000000000000e+00
0.000000000000000000e+00
0.000000000000000000e+00
0.000000000000000000e+00
0.000000000000000000e+00
0.000000000000000000e+00
0.000000000000000000e+00
0.000000000000000000e+00
0.000000000000000000e+00
0.000000000000000000e+00
0.000000000000000000e+00
0.000000000000000000e+00
0.000000000000000000e+00
0.000000000000000000e+00
0.000000000000000000e+00
0.000000000000000000e+00
0.000000000000000000e+00
0.000000000000000000e+00
0.000000000000000000e+00
9.898008434986167448e-01
9.170485630269219479e-01
8.572205245922381867e-01
8.396746456047557983e-01
8.448453592052671546e-01
8.722820648210501959e-01
9.214151501814518141e-01
9.172251388257247617e-01
9.726054136722049881e-01
9.474588199554313528e-01
9.394717831628266458e-01
9.802419081733376727e-01
9.942400074041124469e-01
1.000000000000000000e+00
9.842014322320341568e-01
9.943790302390765889e-01
9.814959909696300278e-01
9.953081184861971575e-01
9.956843017935178564e-01
9.930782282596388733e-01
9.398585682651038331e-01
9.676913615564194382e-01
9.526533292851704360e-01
9.718912048130947667e-01
9.387562654011193386e-01
9.651949839162586864e-01
9.543143335694929119e-01
9.662880859861882055e-01
9.461485391374617748e-01
9.626738119071421851e-01
9.407459026180600148e-01
9.445884933986027354e-01
9.237091177641538753e-01
9.189326269862888585e-01
8.961080734027817574e-01
8.999736934914569497e-01
8.852631362041673002e-01
8.654579232731726135e-01
8.307175235974328942e-01
8.394433048395735231e-01
8.365092768893168662e-01
8.434046716222729501e-01
8.373515078698822167e-01
8.796059076973826718e-01
8.935805527027761430e-01
9.372179483711131631e-01
9.557051618873860788e-01
9.260705444924226537e-01
9.296432097258429117e-01
9.311427278268546992e-01
0.000000000000000000e+00
0.000000000000000000e+00
0.000000000000000000e+00
0.000000000000000000e+00
0.000000000000000000e+00
0.000000000000000000e+00
0.000000000000000000e+00
0.000000000000000000e+00
0.000000000000000000e+00
0.000000000000000000e+00
0.000000000000000000e+00
0.000000000000000000e+00
0.000000000000000000e+00
0.000000000000000000e+00
0.000000000000000000e+00
0.000000000000000000e+00
0.000000000000000000e+00
0.000000000000000000e+00
0.000000000000000000e+00
0.000000000000000000e+00
0.000000000000000000e+00
0.000000000000000000e+00
0.000000000000000000e+00
0.000000000000000000e+00
0.000000000000000000e+00
0.000000000000000000e+00
0.000000000000000000e+00
0.000000000000000000e+00
0.000000000000000000e+00
