0.000000000000000000e+00
0.000000000000000000e+00
0.000000000000000000e+00
0.000000000000000000e+00
0.000000000000000000e+00
0.000000000000000000e+00
0.000000000000000000e+00
0.000000000000000000e+00
0.000000000000000000e+00
0.000000000000000000e+00
0.000000000000000000e+00
0.000000000000000000e+00
0.000000000000000000e+00
0.000000000000000000e+00
0.000000000000000000e+00
0.000000000000000000e+00
0.000000000000000000e+00
0.000000000000000000e+00
0.000000000000000000e+00
0.000000000000000000e+00
0.000000000000000000e+00
0.000000000000000000e+00
8.915272717072268982e-01
8.429095641153713236e-01
8.505425040093365086e-01
8.532216090898595562e-01
8.788802281968355334e-01
8.753419601327024901e-01
8.978756022139885440e-01
9.150726080213710256e-01
9.270555114445265810e-01
9.281878650803291331e-01
9.246815342678792460e-01
9.423556220256417149e-01
9.297881648146949507e-01
9.411260250573657560e-01
8.987476443943517301e-01
9.041407703507882143e-01
8.950832526710266190e-01
8.799832997483294506e-01
8.778081420405797752e-01
8.752462026104951276e-01
8.591071849615914413e-01
8.604425699795863469e-01
8.682600624835918879e-01
8.685904210689689986e-01
8.613173957002683290e-01
8.758667369322554741e-01
8.613454033548478828e-01
8.751202452883898308e-01
8.743714851973598545e-01
8.844772984585140829e-01
8.775880125588851888e-01
8.999471179251863351e-01
8.790350282574713736e-01
8.882230497040084494e-01
8.837278118769039681e-01
9.026101252776441708e-01
8.836271008174495512e-01
8.805644946464724621e-01
8.509887000404027235e-01
8.566133034324320272e-01
8.597176896168469140e-01
8.755910975089964410e-01
8.805515227797621192e-01
8.953836636846110864e-01
9.071413605554096149e-01
9.208540948083787647e-01
9.639127162372655988e-01
1.000000000000000000e+00
9.054579842278067670e-01
9.218298030723133252e-01
9.600390240077415482e-01
0.000000000000000000e+00
0.000000000000000000e+00
0.000000000000000000e+00
0.000000000000000000e+00
0.000000000000000000e+00
0.000000000000000000e+00
0.000000000000000000e+00
0.000000000000000000e+00
0.000000000000000000e+00
0.000000000000000000e+00
0.000000000000000000e+00
0.000000000000000000e+00
0.000000000000000000e+00
0.000000000000000000e+00
0.000000000000000000e+00
0.000000000000000000e+00
0.000000000000000000e+00
0.000000000000000000e+00
0.000000000000000000e+00
0.000000000000000000e+00
0.000000000000000000e+00
0.000000000000000000e+00
0.000000000000000000e+00
0.000000000000000000e+00
0.000000000000000000e+00
0.000000000000000000e+00
0.000000000000000000e+00
0.000000000000000000e+00
