0.000000000000000000e+00
0.000000000000000000e+00
0.000000000000000000e+00
0.000000000000000000e+00
0.000000000000000000e+00
0.000000000000000000e+00
0.000000000000000000e+00
0.000000000000000000e+00
0.000000000000000000e+00
0.000000000000000000e+00
0.000000000000000000e+00
0.000000000000000000e+00
0.000000000000000000e+00
0.000000000000000000e+00
0.000000000000000000e+00
0.000000000000000000e+00
0.000000000000000000e+00
0.000000000000000000e+00
0.000000000000000000e+00
0.000000000000000000e+00
0.000000000000000000e+00
0.000000000000000000e+00
1.000000000000000000e+00
9.506459129935775909e-01
9.026286889652420653e-01
8.953807214014145588e-01
9.342397139974952802e-01
9.398129133128489965e-01
9.691654927707546996e-01
9.609537052476305741e-01
9.877469247113886963e-01
9.666923269093943283e-01
9.544949108447231545e-01
9.702043704110485667e-01
9.784159537594455669e-01
9.744062686869987555e-01
9.394455805098235190e-01
9.469814309970939759e-01
9.246879735943679401e-01
9.139172721664815535e-01
8.896066722541720040e-01
8.728458588205285640e-01
8.551064778775130382e-01
8.555531175289686763e-01
8.498154273301394834e-01
8.413082423602961102e-01
8.392140084632984109e-01
8.434671116594953943e-01
8.434228810116398689e-01
8.308898750830384650e-01
8.314330303679984269e-01
8.347515435254606597e-01
8.186118827142995213e-01
8.091328952208548531e-01
8.019296073300098415e-01
7.989920704625368408e-01
7.936127350565478356e-01
8.041866087122758744e-01
7.975780194108960108e-01
7.718348990740508953e-01
7.626108335312337116e-01
7.594189682452898715e-01
7.630618480186879271e-01
7.616534927777053321e-01
7.660368371336785387e-01
7.901447089954187764e-01
8.271919609583956445e-01
8.284012631071858701e-01
8.479208561013659162e-01
8.231418619548773741e-01
8.395950601093659094e-01
8.567226683799408216e-01
0.000000000000000000e+00
0.000000000000000000e+00
0.000000000000000000e+00
0.000000000000000000e+00
0.000000000000000000e+00
0.000000000000000000e+00
0.000000000000000000e+00
0.000000000000000000e+00
0.000000000000000000e+00
0.000000000000000000e+00
0.000000000000000000e+00
0.000000000000000000e+00
0.000000000000000000e+00
0.000000000000000000e+00
0.000000000000000000e+00
0.000000000000000000e+00
0.000000000000000000e+00
0.000000000000000000e+00
0.000000000000000000e+00
0.000000000000000000e+00
0.000000000000000000e+00
0.000000000000000000e+00
0.000000000000000000e+00
0.000000000000000000e+00
0.000000000000000000e+00
0.000000000000000000e+00
0.000000000000000000e+00
0.000000000000000000e+00
0.000000000000000000e+00
