0.000000000000000000e+00
0.000000000000000000e+00
0.000000000000000000e+00
0.000000000000000000e+00
0.000000000000000000e+00
0.000000000000000000e+00
0.000000000000000000e+00
0.000000000000000000e+00
0.000000000000000000e+00
0.000000000000000000e+00
0.000000000000000000e+00
0.000000000000000000e+00
0.000000000000000000e+00
0.000000000000000000e+00
0.000000000000000000e+00
0.000000000000000000e+00
0.000000000000000000e+00
0.000000000000000000e+00
0.000000000000000000e+00
0.000000000000000000e+00
0.000000000000000000e+00
0.000000000000000000e+00
6.811985577992575314e-01
6.469411703612182318e-01
6.182265011082558326e-01
6.489146824578401196e-01
6.444862008809394416e-01
6.444496919003486202e-01
6.724459244319910267e-01
6.955059462996145969e-01
6.909143647865536586e-01
7.086310433159941358e-01
6.971155116400195029e-01
6.969509883267024364e-01
7.296139850599980825e-01
7.225127489394246316e-01
7.332613122775055725e-01
7.123276846784867278e-01
7.059228445927036022e-01
7.002414375102050670e-01
6.898336131876876554e-01
6.863922927943950647e-01
6.840628497111097550e-01
6.791367948780664410e-01
6.821633825991416655e-01
6.770057434187161105e-01
6.770811240189197333e-01
6.894380191702467187e-01
6.863473447473655842e-01
6.972095931015532821e-01
7.005134604190008663e-01
7.007881785422533927e-01
7.056267421225211889e-01
7.223597056483321843e-01
7.122838124489595524e-01
7.160525317457447914e-01
7.194383486690423268e-01
7.411709902384102655e-01
7.569713120151329022e-01
7.327105218597937952e-01
7.294455004767091966e-01
7.444683541016722250e-01
7.651107245111155031e-01
7.817227666865904645e-01
8.005257247529097286e-01
8.380200456716341284e-01
8.590726418233757267e-01
9.064998871086016319e-01
9.423946472030023669e-01
9.358093376879718095e-01
9.909128478646841431e-01
1.000000000000000000e+00
0.000000000000000000e+00
0.000000000000000000e+00
0.000000000000000000e+00
0.000000000000000000e+00
0.000000000000000000e+00
0.000000000000000000e+00
0.000000000000000000e+00
0.000000000000000000e+00
0.000000000000000000e+00
0.000000000000000000e+00
0.000000000000000000e+00
0.000000000000000000e+00
0.000000000000000000e+00
0.000000000000000000e+00
0.000000000000000000e+00
0.000000000000000000e+00
0.000000000000000000e+00
0.000000000000000000e+00
0.000000000000000000e+00
0.000000000000000000e+00
0.000000000000000000e+00
0.000000000000000000e+00
0.000000000000000000e+00
0.000000000000000000e+00
0.000000000000000000e+00
0.000000000000000000e+00
0.000000000000000000e+00
0.000000000000000000e+00
0.000000000000000000e+00
