0.000000000000000000e+00
0.000000000000000000e+00
0.000000000000000000e+00
0.000000000000000000e+00
0.000000000000000000e+00
0.000000000000000000e+00
0.000000000000000000e+00
0.000000000000000000e+00
0.000000000000000000e+00
0.000000000000000000e+00
0.000000000000000000e+00
0.000000000000000000e+00
0.000000000000000000e+00
0.000000000000000000e+00
0.000000000000000000e+00
0.000000000000000000e+00
0.000000000000000000e+00
0.000000000000000000e+00
0.000000000000000000e+00
0.000000000000000000e+00
0.000000000000000000e+00
0.000000000000000000e+00
9.114079170354338899e-01
8.927497783101360218e-01
8.945864088235525591e-01
9.140755225189103328e-01
9.495517011600338453e-01
9.591893601388320478e-01
9.645477662475058223e-01
9.724175305394728852e-01
9.828456546791456416e-01
1.000000000000000000e+00
9.941877459943629924e-01
9.976100773497035279e-01
9.805652863765057514e-01
9.870769733406614677e-01
9.592284831133319756e-01
9.512121943532931834e-01
9.278831027994622893e-01
9.271118655520999008e-01
9.063361360664720090e-01
8.982369545021805513e-01
8.882038832299151698e-01
8.862161742891958571e-01
8.902397434980867663e-01
8.820621798610545072e-01
8.764367888367565751e-01
8.745791289556392734e-01
8.640337839629794736e-01
8.613959380243373376e-01
8.598923239597158208e-01
8.588119024341871466e-01
8.474875349224884058e-01
8.537687501335903262e-01
8.463521014710888579e-01
8.428007121132377044e-01
8.413855106552988738e-01
8.518374360413699664e-01
8.456090594761048740e-01
8.383083531454305071e-01
8.257731822192894144e-01
8.277711534047136333e-01
8.204898398053651620e-01
8.282501291155864864e-01
8.269407909102231002e-01
8.309520810004672464e-01
8.322352417772176381e-01
8.759645406557575731e-01
8.690702302139854396e-01
8.990062445356690191e-01
8.174229357128987017e-01
8.861282834550032739e-01
9.150904669069299668e-01
0.000000000000000000e+00
0.000000000000000000e+00
0.000000000000000000e+00
0.000000000000000000e+00
0.000000000000000000e+00
0.000000000000000000e+00
0.000000000000000000e+00
0.000000000000000000e+00
0.000000000000000000e+00
0.000000000000000000e+00
0.000000000000000000e+00
0.000000000000000000e+00
0.000000000000000000e+00
0.000000000000000000e+00
0.000000000000000000e+00
0.000000000000000000e+00
0.000000000000000000e+00
0.000000000000000000e+00
0.000000000000000000e+00
0.000000000000000000e+00
0.000000000000000000e+00
0.000000000000000000e+00
0.000000000000000000e+00
0.000000000000000000e+00
0.000000000000000000e+00
0.000000000000000000e+00
0.000000000000000000e+00
0.000000000000000000e+00
