0.000000000000000000e+00
0.000000000000000000e+00
0.000000000000000000e+00
0.000000000000000000e+00
0.000000000000000000e+00
0.000000000000000000e+00
0.000000000000000000e+00
0.000000000000000000e+00
0.000000000000000000e+00
0.000000000000000000e+00
0.000000000000000000e+00
0.000000000000000000e+00
0.000000000000000000e+00
0.000000000000000000e+00
0.000000000000000000e+00
0.000000000000000000e+00
0.000000000000000000e+00
0.000000000000000000e+00
0.000000000000000000e+00
0.000000000000000000e+00
0.000000000000000000e+00
0.000000000000000000e+00
5.097635160916298425e-01
4.948338591647908902e-01
4.650786977106525222e-01
4.765203511065674857e-01
4.889393468177023472e-01
4.907569786239990850e-01
4.982926144381480960e-01
5.265361467357337899e-01
5.350974379575320627e-01
5.453316899957423303e-01
5.464457577900547758e-01
5.578211091988125592e-01
5.933734841136584226e-01
5.997571051351703320e-01
5.961773103469423241e-01
5.857341228356478524e-01
5.839909037715245166e-01
5.868944698782144753e-01
5.789640047769659681e-01
5.746368996817750041e-01
5.765132140864641652e-01
5.799987484603406074e-01
5.859569062598305456e-01
5.935045915177210585e-01
5.989003302981159571e-01
6.113631835873644116e-01
6.127437628011410675e-01
6.254614659533859200e-01
6.386887787480919343e-01
6.424058643635814914e-01
6.501531408078906615e-01
6.657275681565972825e-01
6.602589981664841456e-01
6.700313067421274082e-01
6.781417573841245217e-01
6.972795077283299170e-01
7.145072445370557190e-01
6.992648640627709966e-01
6.999290678081135919e-01
7.167060928797113206e-01
7.332775372334621178e-01
7.644238137234327102e-01
7.786776818238249076e-01
8.236124105860578304e-01
8.539077054581613035e-01
9.029209508533083683e-01
9.414931255884777528e-01
9.357525599147515916e-01
9.680064397660527176e-01
1.000000000000000000e+00
0.000000000000000000e+00
0.000000000000000000e+00
0.000000000000000000e+00
0.000000000000000000e+00
0.000000000000000000e+00
0.000000000000000000e+00
0.000000000000000000e+00
0.000000000000000000e+00
0.000000000000000000e+00
0.000000000000000000e+00
0.000000000000000000e+00
0.000000000000000000e+00
0.000000000000000000e+00
0.000000000000000000e+00
0.000000000000000000e+00
0.000000000000000000e+00
0.000000000000000000e+00
0.000000000000000000e+00
0.000000000000000000e+00
0.000000000000000000e+00
0.000000000000000000e+00
0.000000000000000000e+00
0.000000000000000000e+00
0.000000000000000000e+00
0.000000000000000000e+00
0.000000000000000000e+00
0.000000000000000000e+00
0.000000000000000000e+00
0.000000000000000000e+00
