0.000000000000000000e+00
0.000000000000000000e+00
0.000000000000000000e+00
0.000000000000000000e+00
0.000000000000000000e+00
0.000000000000000000e+00
0.000000000000000000e+00
0.000000000000000000e+00
0.000000000000000000e+00
0.000000000000000000e+00
0.000000000000000000e+00
0.000000000000000000e+00
0.000000000000000000e+00
0.000000000000000000e+00
0.000000000000000000e+00
0.000000000000000000e+00
0.000000000000000000e+00
0.000000000000000000e+00
0.000000000000000000e+00
0.000000000000000000e+00
0.000000000000000000e+00
9.487771490129950358e-01
9.909659106245621851e-01
9.602264075124611331e-01
9.565110853508133060e-01
9.693992068214556390e-01
9.834976005965634371e-01
9.842138665858027879e-01
9.853051549039296697e-01
1.000000000000000000e+00
9.962079064416877738e-01
9.773466515864953630e-01
9.449009219084057998e-01
9.552343689469052768e-01
9.306900100296786604e-01
9.129195810851659099e-01
8.899970481478292061e-01
8.769620001825030320e-01
8.513483428898057648e-01
8.597876890973864539e-01
8.233950370873168723e-01
8.384617222152332960e-01
8.076683192937303968e-01
8.168871204735274061e-01
7.859100793084634606e-01
7.839681220852344756e-01
7.633602285462205428e-01
7.687349002916006313e-01
7.405702927778828881e-01
7.498387540689523956e-01
7.172383786533433891e-01
7.210014404536735366e-01
6.933932377090983312e-01
7.234240327038418128e-01
6.931709203047178303e-01
6.985758095522021094e-01
6.698804103251765341e-01
6.756918571743362190e-01
6.473564328170023918e-01
6.221216702629722706e-01
6.137203237710368020e-01
6.107004414284181726e-01
5.800236437265210432e-01
5.814723951066392837e-01
5.610172920848626177e-01
5.603715046734826233e-01
5.385786401294068160e-01
5.581549183909204626e-01
5.330938979041230930e-01
5.310927632597599590e-01
5.289057328973209016e-01
5.337132936427968488e-01
5.127298697106313918e-01
0.000000000000000000e+00
0.000000000000000000e+00
0.000000000000000000e+00
0.000000000000000000e+00
0.000000000000000000e+00
0.000000000000000000e+00
0.000000000000000000e+00
0.000000000000000000e+00
0.000000000000000000e+00
0.000000000000000000e+00
0.000000000000000000e+00
0.000000000000000000e+00
0.000000000000000000e+00
0.000000000000000000e+00
0.000000000000000000e+00
0.000000000000000000e+00
0.000000000000000000e+00
0.000000000000000000e+00
0.000000000000000000e+00
0.000000000000000000e+00
0.000000000000000000e+00
0.000000000000000000e+00
0.000000000000000000e+00
0.000000000000000000e+00
0.000000000000000000e+00
0.000000000000000000e+00
0.000000000000000000e+00
0.000000000000000000e+00
