0.000000000000000000e+00
0.000000000000000000e+00
0.000000000000000000e+00
0.000000000000000000e+00
0.000000000000000000e+00
0.000000000000000000e+00
0.000000000000000000e+00
0.000000000000000000e+00
0.000000000000000000e+00
0.000000000000000000e+00
0.000000000000000000e+00
0.000000000000000000e+00
0.000000000000000000e+00
0.000000000000000000e+00
0.000000000000000000e+00
0.000000000000000000e+00
0.000000000000000000e+00
0.000000000000000000e+00
0.000000000000000000e+00
0.000000000000000000e+00
0.000000000000000000e+00
0.000000000000000000e+00
0.000000000000000000e+00
6.422799834649874917e-01
6.550480887484242398e-01
6.528759138370450188e-01
6.929915994343454066e-01
7.217508749478135366e-01
7.789642863537639128e-01
8.059264841839424154e-01
8.462489085415046963e-01
8.579790736533920992e-01
8.744846694698118483e-01
9.145686623453119779e-01
9.458534627618069290e-01
9.538120868166500843e-01
9.703718813181114733e-01
9.678817387921337945e-01
9.628503350871122635e-01
9.546693887494339670e-01
9.479426731039874987e-01
9.316853733154020212e-01
9.142473159647598324e-01
9.236520126549586651e-01
9.252313776951607283e-01
9.211894526276590556e-01
9.078577513426954182e-01
9.106939934749396226e-01
9.182152992006473724e-01
9.124642350568534788e-01
9.023282409785161606e-01
9.139124687525652657e-01
9.002001643651430518e-01
8.916699128784613126e-01
8.823016343142022766e-01
8.842310454301505196e-01
8.827718951426817284e-01
8.861380305186525863e-01
8.934935382461054454e-01
8.680982232350048511e-01
8.506470154679895979e-01
8.488800625990154947e-01
8.615734525628744311e-01
8.640793651505921380e-01
8.716882274209595272e-01
9.104028170967306544e-01
9.141103828065894055e-01
9.646659744303834882e-01
9.965438623025745235e-01
9.619234306675676915e-01
9.791966147879745952e-01
1.000000000000000000e+00
0.000000000000000000e+00
0.000000000000000000e+00
0.000000000000000000e+00
0.000000000000000000e+00
0.000000000000000000e+00
0.000000000000000000e+00
0.000000000000000000e+00
0.000000000000000000e+00
0.000000000000000000e+00
0.000000000000000000e+00
0.000000000000000000e+00
0.000000000000000000e+00
0.000000000000000000e+00
0.000000000000000000e+00
0.000000000000000000e+00
0.000000000000000000e+00
0.000000000000000000e+00
0.000000000000000000e+00
0.000000000000000000e+00
0.000000000000000000e+00
0.000000000000000000e+00
0.000000000000000000e+00
0.000000000000000000e+00
0.000000000000000000e+00
0.000000000000000000e+00
0.000000000000000000e+00
0.000000000000000000e+00
0.000000000000000000e+00
0.000000000000000000e+00
