0.000000000000000000e+00
0.000000000000000000e+00
0.000000000000000000e+00
0.000000000000000000e+00
0.000000000000000000e+00
0.000000000000000000e+00
0.000000000000000000e+00
0.000000000000000000e+00
0.000000000000000000e+00
0.000000000000000000e+00
0.000000000000000000e+00
0.000000000000000000e+00
0.000000000000000000e+00
0.000000000000000000e+00
0.000000000000000000e+00
0.000000000000000000e+00
0.000000000000000000e+00
0.000000000000000000e+00
0.000000000000000000e+00
0.000000000000000000e+00
0.000000000000000000e+00
0.000000000000000000e+00
9.371955687413578984e-01
8.755220264978630373e-01
8.675209974968876026e-01
9.608194691340123939e-01
9.041390318750884836e-01
8.331952535030932028e-01
8.379142048020129518e-01
8.635611642386763487e-01
8.476751442246215351e-01
8.883526311852849577e-01
8.723530461594941610e-01
8.841765346885683829e-01
9.472929792041175912e-01
9.325623185513486346e-01
9.110139532972447718e-01
9.108346149245714063e-01
8.933832087269226729e-01
8.894847737187641101e-01
8.783494121996603399e-01
8.689347434111032165e-01
8.686783318940516363e-01
8.441337435007807422e-01
8.459729875505704877e-01
8.402181256119556352e-01
8.378785086867305276e-01
8.338032427696739912e-01
8.349588820752890106e-01
8.374433666963143619e-01
8.404174929349047529e-01
8.401589169081260522e-01
8.356781961492540933e-01
8.352952725340359041e-01
8.321381809425862919e-01
8.325243515266840255e-01
8.292976275404989606e-01
8.480171459096066400e-01
8.534960232127779545e-01
8.168344632006649952e-01
8.128559373327075566e-01
8.211045849885623138e-01
8.349119867116000515e-01
8.544085589950167758e-01
8.655361818296118948e-01
8.991783207780182918e-01
9.203926467783174470e-01
9.579056056345005565e-01
9.732934955236539620e-01
9.583837499533358617e-01
1.000000000000000000e+00
9.845004036369360279e-01
0.000000000000000000e+00
0.000000000000000000e+00
0.000000000000000000e+00
0.000000000000000000e+00
0.000000000000000000e+00
0.000000000000000000e+00
0.000000000000000000e+00
0.000000000000000000e+00
0.000000000000000000e+00
0.000000000000000000e+00
0.000000000000000000e+00
0.000000000000000000e+00
0.000000000000000000e+00
0.000000000000000000e+00
0.000000000000000000e+00
0.000000000000000000e+00
0.000000000000000000e+00
0.000000000000000000e+00
0.000000000000000000e+00
0.000000000000000000e+00
0.000000000000000000e+00
0.000000000000000000e+00
0.000000000000000000e+00
0.000000000000000000e+00
0.000000000000000000e+00
0.000000000000000000e+00
0.000000000000000000e+00
0.000000000000000000e+00
0.000000000000000000e+00
