0.000000000000000000e+00
0.000000000000000000e+00
0.000000000000000000e+00
0.000000000000000000e+00
0.000000000000000000e+00
0.000000000000000000e+00
0.000000000000000000e+00
0.000000000000000000e+00
0.000000000000000000e+00
0.000000000000000000e+00
0.000000000000000000e+00
0.000000000000000000e+00
0.000000000000000000e+00
0.000000000000000000e+00
0.000000000000000000e+00
0.000000000000000000e+00
0.000000000000000000e+00
0.000000000000000000e+00
0.000000000000000000e+00
0.000000000000000000e+00
0.000000000000000000e+00
0.000000000000000000e+00
0.000000000000000000e+00
8.024340287743283451e-01
7.694689881116063557e-01
7.615876230567422134e-01
7.510882589989762437e-01
7.470466538652725808e-01
7.439695018936504090e-01
7.894794400838278658e-01
7.927494957040128742e-01
8.429366723483974200e-01
8.219813844533735425e-01
8.147220076104808584e-01
9.170025944874709012e-01
8.727343622182073268e-01
8.554338775496259650e-01
8.726440424936166007e-01
8.636946160818860241e-01
9.085961121284003017e-01
8.386402326370953064e-01
8.795051406880224354e-01
8.609276830575229855e-01
8.978914460307436674e-01
8.762280246068215872e-01
9.208700024084947033e-01
8.953555792484170217e-01
9.395490506848942491e-01
9.259369139508615287e-01
9.930890036335288107e-01
9.490908548078809126e-01
1.000000000000000000e+00
9.440311605988888077e-01
9.826335434810448133e-01
9.169396404961224212e-01
8.933821072006822295e-01
8.310110468196361122e-01
8.206070323012890633e-01
7.800812118098735537e-01
7.695832765708895407e-01
7.993435091614620180e-01
8.029796694134366808e-01
7.771562744404030276e-01
7.940714624903755237e-01
7.891827948659601022e-01
8.043635278564080782e-01
8.473196627476936582e-01
8.368112314155675691e-01
8.478562521154253684e-01
8.409458898238004743e-01
8.482575162997121332e-01
8.614720288216132227e-01
0.000000000000000000e+00
0.000000000000000000e+00
0.000000000000000000e+00
0.000000000000000000e+00
0.000000000000000000e+00
0.000000000000000000e+00
0.000000000000000000e+00
0.000000000000000000e+00
0.000000000000000000e+00
0.000000000000000000e+00
0.000000000000000000e+00
0.000000000000000000e+00
0.000000000000000000e+00
0.000000000000000000e+00
0.000000000000000000e+00
0.000000000000000000e+00
0.000000000000000000e+00
0.000000000000000000e+00
0.000000000000000000e+00
0.000000000000000000e+00
0.000000000000000000e+00
0.000000000000000000e+00
0.000000000000000000e+00
0.000000000000000000e+00
0.000000000000000000e+00
0.000000000000000000e+00
0.000000000000000000e+00
0.000000000000000000e+00
0.000000000000000000e+00
