0.000000000000000000e+00
0.000000000000000000e+00
0.000000000000000000e+00
0.000000000000000000e+00
0.000000000000000000e+00
0.000000000000000000e+00
0.000000000000000000e+00
0.000000000000000000e+00
0.000000000000000000e+00
0.000000000000000000e+00
0.000000000000000000e+00
0.000000000000000000e+00
0.000000000000000000e+00
0.000000000000000000e+00
0.000000000000000000e+00
0.000000000000000000e+00
0.000000000000000000e+00
0.000000000000000000e+00
0.000000000000000000e+00
0.000000000000000000e+00
0.000000000000000000e+00
0.000000000000000000e+00
0.000000000000000000e+00
3.723619260113705809e-01
3.524059832755835897e-01
3.510148757497193461e-01
3.675799417283480697e-01
3.809455850613653882e-01
3.918423941426701362e-01
4.105986717351508553e-01
4.248531460258990755e-01
4.327164201167579827e-01
4.380531602360564492e-01
4.507260398925355127e-01
4.837953716039771201e-01
4.872310222708229888e-01
5.010110833077160430e-01
5.112545874759714115e-01
5.072610803003556601e-01
5.107678393692520746e-01
5.125994944801806064e-01
5.138672258144636462e-01
5.176590945621289963e-01
5.315860327704682309e-01
5.272158532451135526e-01
5.398891166754880011e-01
5.491409805054006110e-01
5.639891687677600629e-01
5.727408111923809608e-01
5.895414942178280882e-01
6.020187365266772561e-01
6.197014437686789723e-01
6.238189905531278390e-01
6.391105530336969043e-01
6.449927779381310344e-01
6.595224478826871017e-01
6.695003955109173344e-01
6.862548006703523829e-01
7.022723047103240912e-01
6.925696161881427226e-01
6.889192298737121245e-01
7.033826951017970730e-01
7.259686507942568756e-01
7.484237776237808726e-01
7.613339442705224780e-01
8.067342170219504727e-01
8.283550843896090310e-01
8.453519413250542014e-01
9.245254173960791855e-01
9.164817704459581327e-01
9.622332762739583822e-01
1.000000000000000000e+00
0.000000000000000000e+00
0.000000000000000000e+00
0.000000000000000000e+00
0.000000000000000000e+00
0.000000000000000000e+00
0.000000000000000000e+00
0.000000000000000000e+00
0.000000000000000000e+00
0.000000000000000000e+00
0.000000000000000000e+00
0.000000000000000000e+00
0.000000000000000000e+00
0.000000000000000000e+00
0.000000000000000000e+00
0.000000000000000000e+00
0.000000000000000000e+00
0.000000000000000000e+00
0.000000000000000000e+00
0.000000000000000000e+00
0.000000000000000000e+00
0.000000000000000000e+00
0.000000000000000000e+00
0.000000000000000000e+00
0.000000000000000000e+00
0.000000000000000000e+00
0.000000000000000000e+00
0.000000000000000000e+00
0.000000000000000000e+00
0.000000000000000000e+00
