0.000000000000000000e+00
0.000000000000000000e+00
0.000000000000000000e+00
0.000000000000000000e+00
0.000000000000000000e+00
0.000000000000000000e+00
0.000000000000000000e+00
0.000000000000000000e+00
0.000000000000000000e+00
0.000000000000000000e+00
0.000000000000000000e+00
0.000000000000000000e+00
0.000000000000000000e+00
0.000000000000000000e+00
0.000000000000000000e+00
0.000000000000000000e+00
0.000000000000000000e+00
0.000000000000000000e+00
0.000000000000000000e+00
0.000000000000000000e+00
0.000000000000000000e+00
0.000000000000000000e+00
0.000000000000000000e+00
1.000000000000000000e+00
9.359358746326261747e-01
9.407264438668662132e-01
9.409790920391074565e-01
9.473694406447908944e-01
9.521823425530496765e-01
9.725459809050573945e-01
9.773275579730859031e-01
9.791302870382299073e-01
9.566462488558156174e-01
9.463642219915807674e-01
9.617087671064595833e-01
9.441942646131185057e-01
9.058598888335964716e-01
8.914181039080371072e-01
8.760391625966791329e-01
8.495937967826714399e-01
8.355213810934678520e-01
8.391730036279211324e-01
8.146355933794351412e-01
8.065500686317006451e-01
7.923443907129466002e-01
7.944901657391744143e-01
7.916364518944354334e-01
7.827331873073144486e-01
7.864074759541244131e-01
7.782397463841663754e-01
7.726291590490207417e-01
7.573919683667167391e-01
7.523733979491220580e-01
7.433571057024509487e-01
7.364564465232161794e-01
7.228271506502761401e-01
7.252258654112343494e-01
7.171013862632239499e-01
7.294011738746439821e-01
7.039899887408495038e-01
7.040403336566115611e-01
7.008410435241722025e-01
7.024336338300449789e-01
7.085074425663618891e-01
7.134638961145838287e-01
7.201075517147665916e-01
7.388810177709884686e-01
7.698638247781759425e-01
7.703342181507436548e-01
7.780031963224873781e-01
7.790381860067414621e-01
7.890938204352212493e-01
0.000000000000000000e+00
0.000000000000000000e+00
0.000000000000000000e+00
0.000000000000000000e+00
0.000000000000000000e+00
0.000000000000000000e+00
0.000000000000000000e+00
0.000000000000000000e+00
0.000000000000000000e+00
0.000000000000000000e+00
0.000000000000000000e+00
0.000000000000000000e+00
0.000000000000000000e+00
0.000000000000000000e+00
0.000000000000000000e+00
0.000000000000000000e+00
0.000000000000000000e+00
0.000000000000000000e+00
0.000000000000000000e+00
0.000000000000000000e+00
0.000000000000000000e+00
0.000000000000000000e+00
0.000000000000000000e+00
0.000000000000000000e+00
0.000000000000000000e+00
0.000000000000000000e+00
0.000000000000000000e+00
0.000000000000000000e+00
0.000000000000000000e+00
