0.000000000000000000e+00
0.000000000000000000e+00
0.000000000000000000e+00
0.000000000000000000e+00
0.000000000000000000e+00
0.000000000000000000e+00
0.000000000000000000e+00
0.000000000000000000e+00
0.000000000000000000e+00
0.000000000000000000e+00
0.000000000000000000e+00
0.000000000000000000e+00
0.000000000000000000e+00
0.000000000000000000e+00
0.000000000000000000e+00
0.000000000000000000e+00
0.000000000000000000e+00
0.000000000000000000e+00
0.000000000000000000e+00
0.000000000000000000e+00
0.000000000000000000e+00
0.000000000000000000e+00
1.000000000000000000e+00
9.160040868592164154e-01
8.808692138877446398e-01
8.726844642004495389e-01
8.916880329571911235e-01
8.851365643691609941e-01
9.134481105970569947e-01
9.052875916314986338e-01
9.183989696236850575e-01
8.869644939117279359e-01
8.831435718566602588e-01
8.809539483623447520e-01
8.967152558009180430e-01
8.785806534366764620e-01
8.404509564623082740e-01
8.320857879180074690e-01
8.043116983311291435e-01
7.953087766126547553e-01
7.680712790849952842e-01
7.472647273135055723e-01
7.382593880892744931e-01
7.347997954132413634e-01
7.208810826716761655e-01
7.163063447761073288e-01
7.035459242340980079e-01
7.025327322881030900e-01
6.982340867518582739e-01
6.938403015421424902e-01
6.823188358297356260e-01
6.859031685458359950e-01
6.723112357914333703e-01
6.639957558634221879e-01
6.571935324908987353e-01
6.551032079948827525e-01
6.506724237148816536e-01
6.497135037490471277e-01
6.535319449217806831e-01
6.202779971972451900e-01
6.199573532330026060e-01
6.177146110600031381e-01
6.236430484272874608e-01
6.279083799016579315e-01
6.273440573644961660e-01
6.508202315431786955e-01
6.497104511563648321e-01
6.859396743803625185e-01
7.012671267538661546e-01
6.802424285963163397e-01
6.978640438509435828e-01
7.143211662291032438e-01
0.000000000000000000e+00
0.000000000000000000e+00
0.000000000000000000e+00
0.000000000000000000e+00
0.000000000000000000e+00
0.000000000000000000e+00
0.000000000000000000e+00
0.000000000000000000e+00
0.000000000000000000e+00
0.000000000000000000e+00
0.000000000000000000e+00
0.000000000000000000e+00
0.000000000000000000e+00
0.000000000000000000e+00
0.000000000000000000e+00
0.000000000000000000e+00
0.000000000000000000e+00
0.000000000000000000e+00
0.000000000000000000e+00
0.000000000000000000e+00
0.000000000000000000e+00
0.000000000000000000e+00
0.000000000000000000e+00
0.000000000000000000e+00
0.000000000000000000e+00
0.000000000000000000e+00
0.000000000000000000e+00
0.000000000000000000e+00
0.000000000000000000e+00
