0.000000000000000000e+00
0.000000000000000000e+00
0.000000000000000000e+00
0.000000000000000000e+00
0.000000000000000000e+00
0.000000000000000000e+00
0.000000000000000000e+00
0.000000000000000000e+00
0.000000000000000000e+00
0.000000000000000000e+00
0.000000000000000000e+00
0.000000000000000000e+00
0.000000000000000000e+00
0.000000000000000000e+00
0.000000000000000000e+00
0.000000000000000000e+00
0.000000000000000000e+00
0.000000000000000000e+00
0.000000000000000000e+00
0.000000000000000000e+00
0.000000000000000000e+00
9.478540561428344668e-01
9.864375149608893834e-01
9.426587570046777165e-01
9.542301102271120161e-01
9.599403449599932525e-01
9.791887180825074033e-01
9.817659594915213450e-01
9.756969616981796545e-01
1.000000000000000000e+00
9.896908167970133174e-01
9.823780906274415248e-01
9.487112996105091511e-01
9.603765785424526191e-01
9.288101817540952432e-01
9.155845627263328179e-01
8.807675417310506516e-01
8.723031456019487706e-01
8.479714973244245613e-01
8.569587865168363239e-01
8.278355168964685040e-01
8.335347289743316734e-01
8.115213468563620136e-01
8.222419879863158698e-01
7.863817930108817356e-01
7.866381299438135466e-01
7.642228887573081497e-01
7.664323552222949143e-01
7.441292862582049583e-01
7.414790561125446100e-01
7.149008632607634084e-01
7.115141152830699589e-01
6.815657977984557192e-01
6.976835701279594515e-01
6.685179343091339765e-01
6.699853745671286998e-01
6.370723482456055464e-01
6.297941101303439204e-01
6.056292497021091847e-01
5.892058082820130771e-01
5.852614158763664864e-01
5.793848078918120148e-01
5.551800406937706933e-01
5.449756156808610585e-01
5.327115375404291031e-01
5.322983376979973924e-01
5.111675998039976188e-01
5.310622055752354242e-01
5.072776583896083658e-01
5.015334278744537633e-01
5.055172231045413911e-01
5.056412121655394776e-01
4.903873135181838760e-01
0.000000000000000000e+00
0.000000000000000000e+00
0.000000000000000000e+00
0.000000000000000000e+00
0.000000000000000000e+00
0.000000000000000000e+00
0.000000000000000000e+00
0.000000000000000000e+00
0.000000000000000000e+00
0.000000000000000000e+00
0.000000000000000000e+00
0.000000000000000000e+00
0.000000000000000000e+00
0.000000000000000000e+00
0.000000000000000000e+00
0.000000000000000000e+00
0.000000000000000000e+00
0.000000000000000000e+00
0.000000000000000000e+00
0.000000000000000000e+00
0.000000000000000000e+00
0.000000000000000000e+00
0.000000000000000000e+00
0.000000000000000000e+00
0.000000000000000000e+00
0.000000000000000000e+00
0.000000000000000000e+00
0.000000000000000000e+00
