0.000000000000000000e+00
0.000000000000000000e+00
0.000000000000000000e+00
0.000000000000000000e+00
0.000000000000000000e+00
0.000000000000000000e+00
0.000000000000000000e+00
0.000000000000000000e+00
0.000000000000000000e+00
0.000000000000000000e+00
0.000000000000000000e+00
0.000000000000000000e+00
0.000000000000000000e+00
0.000000000000000000e+00
0.000000000000000000e+00
0.000000000000000000e+00
0.000000000000000000e+00
0.000000000000000000e+00
0.000000000000000000e+00
0.000000000000000000e+00
0.000000000000000000e+00
0.000000000000000000e+00
0.000000000000000000e+00
4.841258249034292027e-01
4.764642272881105534e-01
4.854663363953878874e-01
4.987397906882798382e-01
5.022318660948648095e-01
5.190801774024363935e-01
5.371268156412042361e-01
5.395141215473931995e-01
5.605606823980768816e-01
5.543786510899185727e-01
5.508068294312965518e-01
5.847791454263936428e-01
5.825095519728130666e-01
5.852249401514508786e-01
5.819857205284132418e-01
5.787030815493817704e-01
5.847004472378140028e-01
5.697720881185169839e-01
5.668937076637344807e-01
5.738682942621942118e-01
5.794823752410066531e-01
5.743280577176034241e-01
5.812193795756597225e-01
5.875256063309864940e-01
5.922938187872447413e-01
5.946136305889503371e-01
6.087409576374184228e-01
6.173971388978364283e-01
6.201537766888756131e-01
6.310684115514134662e-01
6.368856298617781020e-01
6.424125831462964564e-01
6.513498343645568456e-01
6.621542083585552074e-01
6.855185178764362508e-01
7.039438637369983542e-01
6.936224717868164635e-01
6.950508304245472946e-01
7.143170469455459859e-01
7.355620589583720115e-01
7.614135205900367520e-01
7.843833482997984996e-01
8.298424530007332267e-01
8.536320691718227716e-01
8.960151809929438604e-01
9.368304726945085870e-01
9.244981721270570940e-01
9.828142728366514591e-01
1.000000000000000000e+00
0.000000000000000000e+00
0.000000000000000000e+00
0.000000000000000000e+00
0.000000000000000000e+00
0.000000000000000000e+00
0.000000000000000000e+00
0.000000000000000000e+00
0.000000000000000000e+00
0.000000000000000000e+00
0.000000000000000000e+00
0.000000000000000000e+00
0.000000000000000000e+00
0.000000000000000000e+00
0.000000000000000000e+00
0.000000000000000000e+00
0.000000000000000000e+00
0.000000000000000000e+00
0.000000000000000000e+00
0.000000000000000000e+00
0.000000000000000000e+00
0.000000000000000000e+00
0.000000000000000000e+00
0.000000000000000000e+00
0.000000000000000000e+00
0.000000000000000000e+00
0.000000000000000000e+00
0.000000000000000000e+00
0.000000000000000000e+00
0.000000000000000000e+00
