0.000000000000000000e+00
0.000000000000000000e+00
0.000000000000000000e+00
0.000000000000000000e+00
0.000000000000000000e+00
0.000000000000000000e+00
0.000000000000000000e+00
0.000000000000000000e+00
0.000000000000000000e+00
0.000000000000000000e+00
0.000000000000000000e+00
0.000000000000000000e+00
0.000000000000000000e+00
0.000000000000000000e+00
0.000000000000000000e+00
0.000000000000000000e+00
0.000000000000000000e+00
0.000000000000000000e+00
0.000000000000000000e+00
0.000000000000000000e+00
0.000000000000000000e+00
0.000000000000000000e+00
0.000000000000000000e+00
1.000000000000000000e+00
9.305808769942232050e-01
9.063713176775262115e-01
8.964416829983294921e-01
8.905350575973597360e-01
8.709621090732551085e-01
8.843613354002858307e-01
8.644707729685544573e-01
8.765608742097302786e-01
8.358188886612202273e-01
8.067018730700922235e-01
8.340931970617310176e-01
8.154069973078529321e-01
7.672864437167319362e-01
7.531553176734283594e-01
6.965744199679453352e-01
6.873714412145897068e-01
6.680830705407188042e-01
6.446538945759919814e-01
6.305054348309362400e-01
6.200740889439593229e-01
6.088965527406372535e-01
5.994382563362864458e-01
5.938700190790064948e-01
5.938270359746240512e-01
5.848425946116094787e-01
5.865247523508780869e-01
5.817313500360407064e-01
5.794495746101341327e-01
5.725924664689083787e-01
5.662591968654864250e-01
5.638774511805341172e-01
5.632786809423856456e-01
5.688302187673467403e-01
5.745412084510269635e-01
5.819010231228209928e-01
5.545575996264102692e-01
5.580962870507188978e-01
5.765226183529110759e-01
5.909416754010192729e-01
6.132651318510443650e-01
6.417890745811537512e-01
6.764831184967403654e-01
6.918054724596379712e-01
7.279696901807447551e-01
7.759984086425145700e-01
7.421139805998344663e-01
8.015608669778337969e-01
8.385783280912665338e-01
0.000000000000000000e+00
0.000000000000000000e+00
0.000000000000000000e+00
0.000000000000000000e+00
0.000000000000000000e+00
0.000000000000000000e+00
0.000000000000000000e+00
0.000000000000000000e+00
0.000000000000000000e+00
0.000000000000000000e+00
0.000000000000000000e+00
0.000000000000000000e+00
0.000000000000000000e+00
0.000000000000000000e+00
0.000000000000000000e+00
0.000000000000000000e+00
0.000000000000000000e+00
0.000000000000000000e+00
0.000000000000000000e+00
0.000000000000000000e+00
0.000000000000000000e+00
0.000000000000000000e+00
0.000000000000000000e+00
0.000000000000000000e+00
0.000000000000000000e+00
0.000000000000000000e+00
0.000000000000000000e+00
0.000000000000000000e+00
0.000000000000000000e+00
