0.000000000000000000e+00
0.000000000000000000e+00
0.000000000000000000e+00
0.000000000000000000e+00
0.000000000000000000e+00
0.000000000000000000e+00
0.000000000000000000e+00
0.000000000000000000e+00
0.000000000000000000e+00
0.000000000000000000e+00
0.000000000000000000e+00
0.000000000000000000e+00
0.000000000000000000e+00
0.000000000000000000e+00
0.000000000000000000e+00
0.000000000000000000e+00
0.000000000000000000e+00
0.000000000000000000e+00
0.000000000000000000e+00
0.000000000000000000e+00
0.000000000000000000e+00
0.000000000000000000e+00
9.747602235853594088e-01
8.919658718616841897e-01
7.842531608647198560e-01
7.774610203957226240e-01
7.808418152833500603e-01
7.807769471162853137e-01
8.435609479790888710e-01
8.289838643989716482e-01
9.138736952352144449e-01
8.831445365595113062e-01
8.712084633823261592e-01
9.515398868350039008e-01
9.743078090914524259e-01
9.865967276971647770e-01
9.694039025517884323e-01
1.000000000000000000e+00
9.767782347544246013e-01
9.940029421109617402e-01
9.907363943469947865e-01
9.821751448318158939e-01
9.321524750573629836e-01
9.533101814374130845e-01
9.342158225380517989e-01
9.649666817844587685e-01
9.176629281464122601e-01
9.523825507505221388e-01
9.314704609954345127e-01
9.611699980090592232e-01
9.371917589593515840e-01
9.723982633135239695e-01
9.373555554013407454e-01
9.467591123849605772e-01
9.172633043440622247e-01
9.251310802012741030e-01
8.878767536115543813e-01
9.140119775503342536e-01
8.864098438509885325e-01
8.569424851985855129e-01
8.059373947778655234e-01
8.132681797829042214e-01
8.075904696386445591e-01
8.148148677351038094e-01
8.091230136360823000e-01
8.523025396915979712e-01
8.574607156671744113e-01
9.039055850594178709e-01
9.476603010325006515e-01
9.082801266895962344e-01
8.826178194811516997e-01
9.091891893010529690e-01
0.000000000000000000e+00
0.000000000000000000e+00
0.000000000000000000e+00
0.000000000000000000e+00
0.000000000000000000e+00
0.000000000000000000e+00
0.000000000000000000e+00
0.000000000000000000e+00
0.000000000000000000e+00
0.000000000000000000e+00
0.000000000000000000e+00
0.000000000000000000e+00
0.000000000000000000e+00
0.000000000000000000e+00
0.000000000000000000e+00
0.000000000000000000e+00
0.000000000000000000e+00
0.000000000000000000e+00
0.000000000000000000e+00
0.000000000000000000e+00
0.000000000000000000e+00
0.000000000000000000e+00
0.000000000000000000e+00
0.000000000000000000e+00
0.000000000000000000e+00
0.000000000000000000e+00
0.000000000000000000e+00
0.000000000000000000e+00
0.000000000000000000e+00
