0.000000000000000000e+00
0.000000000000000000e+00
0.000000000000000000e+00
0.000000000000000000e+00
0.000000000000000000e+00
0.000000000000000000e+00
0.000000000000000000e+00
0.000000000000000000e+00
0.000000000000000000e+00
0.000000000000000000e+00
0.000000000000000000e+00
0.000000000000000000e+00
0.000000000000000000e+00
0.000000000000000000e+00
0.000000000000000000e+00
0.000000000000000000e+00
0.000000000000000000e+00
0.000000000000000000e+00
0.000000000000000000e+00
0.000000000000000000e+00
0.000000000000000000e+00
0.000000000000000000e+00
0.000000000000000000e+00
6.849180478150596052e-01
6.246396082391831861e-01
6.055666074177208369e-01
5.942882857589483203e-01
5.807531587387189109e-01
5.705015248827391972e-01
6.606593053925644554e-01
6.520778871904722163e-01
7.223223106071121613e-01
6.979121331121005412e-01
7.466052199034612924e-01
8.364122653552146236e-01
8.508446316423622369e-01
8.453063799353195407e-01
8.570798429670249963e-01
8.696879451134107430e-01
8.980665957997621129e-01
9.142147475989941263e-01
8.926554629910177230e-01
8.889723316035930134e-01
8.971404410927013018e-01
9.211246489846020014e-01
9.142354836676326313e-01
9.258069796695985731e-01
9.313334186747272980e-01
9.695823128501261934e-01
9.612971306930332416e-01
1.000000000000000000e+00
9.719563446000443196e-01
9.739083231402029250e-01
9.446912687931804387e-01
9.363368914105743013e-01
8.722763201842975711e-01
8.721126808301958855e-01
8.147988029650081732e-01
8.063795239413908966e-01
7.207946089716550375e-01
7.568762872032487321e-01
7.347675475202357642e-01
7.218658772706662008e-01
7.166208154891413606e-01
7.020150749182544336e-01
7.148295161526095898e-01
7.505509134913279645e-01
7.331068320755282919e-01
7.409279421638700347e-01
7.285022445134532454e-01
7.468998891776457150e-01
7.557995310812576362e-01
0.000000000000000000e+00
0.000000000000000000e+00
0.000000000000000000e+00
0.000000000000000000e+00
0.000000000000000000e+00
0.000000000000000000e+00
0.000000000000000000e+00
0.000000000000000000e+00
0.000000000000000000e+00
0.000000000000000000e+00
0.000000000000000000e+00
0.000000000000000000e+00
0.000000000000000000e+00
0.000000000000000000e+00
0.000000000000000000e+00
0.000000000000000000e+00
0.000000000000000000e+00
0.000000000000000000e+00
0.000000000000000000e+00
0.000000000000000000e+00
0.000000000000000000e+00
0.000000000000000000e+00
0.000000000000000000e+00
0.000000000000000000e+00
0.000000000000000000e+00
0.000000000000000000e+00
0.000000000000000000e+00
0.000000000000000000e+00
0.000000000000000000e+00
