0.000000000000000000e+00
0.000000000000000000e+00
0.000000000000000000e+00
0.000000000000000000e+00
0.000000000000000000e+00
0.000000000000000000e+00
0.000000000000000000e+00
0.000000000000000000e+00
0.000000000000000000e+00
0.000000000000000000e+00
0.000000000000000000e+00
0.000000000000000000e+00
0.000000000000000000e+00
0.000000000000000000e+00
0.000000000000000000e+00
0.000000000000000000e+00
0.000000000000000000e+00
0.000000000000000000e+00
0.000000000000000000e+00
0.000000000000000000e+00
0.000000000000000000e+00
0.000000000000000000e+00
1.000000000000000000e+00
9.379802344822264493e-01
8.590519997882601899e-01
8.458067221038969574e-01
8.566037001363598913e-01
8.672679857422530558e-01
9.120782287303543789e-01
9.063999636817904326e-01
9.559998113806039699e-01
9.342614118710473869e-01
9.293206390599407785e-01
9.642222973828914467e-01
9.720376900151640465e-01
9.737350820081835945e-01
9.568502734554628075e-01
9.917025359570511567e-01
9.656238730522809233e-01
9.835110602679060232e-01
9.795452290165569398e-01
9.626844881690241884e-01
9.192566916557711743e-01
9.342192954502004376e-01
9.216210770967973032e-01
9.277876065621774027e-01
9.042356495918807413e-01
9.192238253805899983e-01
9.167570986819780776e-01
9.319518546276908122e-01
9.242695374880613990e-01
9.457750815975591863e-01
9.307700364832894868e-01
9.340273481481085049e-01
9.371904172091893859e-01
9.366601616374317096e-01
9.233242536045316307e-01
9.275951767810214355e-01
9.191385417034937388e-01
8.830848342752747326e-01
8.522331149537033523e-01
8.539529926859600328e-01
8.594936307750365989e-01
8.698965869481440905e-01
8.735989432818108691e-01
9.110631842812224601e-01
9.124833859850741691e-01
9.685281142269799304e-01
9.989842109519827540e-01
9.637282959618120870e-01
9.489925880214546972e-01
9.549051826879437765e-01
0.000000000000000000e+00
0.000000000000000000e+00
0.000000000000000000e+00
0.000000000000000000e+00
0.000000000000000000e+00
0.000000000000000000e+00
0.000000000000000000e+00
0.000000000000000000e+00
0.000000000000000000e+00
0.000000000000000000e+00
0.000000000000000000e+00
0.000000000000000000e+00
0.000000000000000000e+00
0.000000000000000000e+00
0.000000000000000000e+00
0.000000000000000000e+00
0.000000000000000000e+00
0.000000000000000000e+00
0.000000000000000000e+00
0.000000000000000000e+00
0.000000000000000000e+00
0.000000000000000000e+00
0.000000000000000000e+00
0.000000000000000000e+00
0.000000000000000000e+00
0.000000000000000000e+00
0.000000000000000000e+00
0.000000000000000000e+00
0.000000000000000000e+00
