0.000000000000000000e+00
0.000000000000000000e+00
0.000000000000000000e+00
0.000000000000000000e+00
0.000000000000000000e+00
0.000000000000000000e+00
0.000000000000000000e+00
0.000000000000000000e+00
0.000000000000000000e+00
0.000000000000000000e+00
0.000000000000000000e+00
0.000000000000000000e+00
0.000000000000000000e+00
0.000000000000000000e+00
0.000000000000000000e+00
0.000000000000000000e+00
0.000000000000000000e+00
0.000000000000000000e+00
0.000000000000000000e+00
0.000000000000000000e+00
0.000000000000000000e+00
0.000000000000000000e+00
1.000000000000000000e+00
9.798536140858645771e-01
9.255291046649194442e-01
9.149654133182645310e-01
9.411223611255143950e-01
9.557047571942368647e-01
9.782426591563688767e-01
9.682578434120550082e-01
9.813232729971057555e-01
9.657692122397387724e-01
9.580546714022160071e-01
9.590222866114623823e-01
9.668843550502798090e-01
9.543906261015736581e-01
9.201846501726529404e-01
9.313197564188560040e-01
9.009442316744358248e-01
8.871238275798031259e-01
8.654430047455224928e-01
8.390704995305606761e-01
8.293729598445208628e-01
8.277820629850001222e-01
8.204063929688814039e-01
8.126828469708928804e-01
8.069787450471288537e-01
8.000482495406928685e-01
8.022846250244028976e-01
7.943492610218714223e-01
7.897108434399012777e-01
7.869352937428831796e-01
7.727854834529503947e-01
7.620010296622070634e-01
7.541556607438345550e-01
7.497260510628405150e-01
7.432213630142425753e-01
7.414976974132150289e-01
7.389965035917184233e-01
7.124984142416628252e-01
7.041419682990512907e-01
7.013041282291067047e-01
7.048202677670649674e-01
7.050210392979042728e-01
6.994071872576864690e-01
7.220495412624500231e-01
7.507168666060134443e-01
7.499340167386318035e-01
7.720184790345210324e-01
7.435521301663740035e-01
7.612744933132206127e-01
7.708178788000857873e-01
0.000000000000000000e+00
0.000000000000000000e+00
0.000000000000000000e+00
0.000000000000000000e+00
0.000000000000000000e+00
0.000000000000000000e+00
0.000000000000000000e+00
0.000000000000000000e+00
0.000000000000000000e+00
0.000000000000000000e+00
0.000000000000000000e+00
0.000000000000000000e+00
0.000000000000000000e+00
0.000000000000000000e+00
0.000000000000000000e+00
0.000000000000000000e+00
0.000000000000000000e+00
0.000000000000000000e+00
0.000000000000000000e+00
0.000000000000000000e+00
0.000000000000000000e+00
0.000000000000000000e+00
0.000000000000000000e+00
0.000000000000000000e+00
0.000000000000000000e+00
0.000000000000000000e+00
0.000000000000000000e+00
0.000000000000000000e+00
0.000000000000000000e+00
