0.000000000000000000e+00
0.000000000000000000e+00
0.000000000000000000e+00
0.000000000000000000e+00
0.000000000000000000e+00
0.000000000000000000e+00
0.000000000000000000e+00
0.000000000000000000e+00
0.000000000000000000e+00
0.000000000000000000e+00
0.000000000000000000e+00
0.000000000000000000e+00
0.000000000000000000e+00
0.000000000000000000e+00
0.000000000000000000e+00
0.000000000000000000e+00
0.000000000000000000e+00
0.000000000000000000e+00
0.000000000000000000e+00
0.000000000000000000e+00
0.000000000000000000e+00
0.000000000000000000e+00
9.253822005387186689e-01
9.473972872608161788e-01
9.166607332570858580e-01
9.170758615403612479e-01
9.660481236557597606e-01
9.533736067917971679e-01
9.771634062071732352e-01
9.854084672283687230e-01
9.877594258913982017e-01
1.000000000000000000e+00
9.880852669505412189e-01
9.904020725446037732e-01
9.759124561714889179e-01
9.732766631416559511e-01
9.385613392058005378e-01
9.329229037872441843e-01
9.085933982813058085e-01
9.067255955988795524e-01
8.958052872676105505e-01
8.800274024629280989e-01
8.734509967343938586e-01
8.737185992073013274e-01
8.752130841804808270e-01
8.628207291146652302e-01
8.614230126429963663e-01
8.554248404763650226e-01
8.433004248907181033e-01
8.409370087506169433e-01
8.332290682731379183e-01
8.322407235331904518e-01
8.154277982402948766e-01
8.281807118761412845e-01
8.112104263414184890e-01
8.135169473827308373e-01
8.099938037220226761e-01
8.165692122576734269e-01
8.079201002415770105e-01
8.014787868199552134e-01
7.952926868500873603e-01
7.939728752255984512e-01
7.858887418476788733e-01
7.890561423791038198e-01
7.865991667925973374e-01
7.903375004776400647e-01
7.900505297745256117e-01
8.301759043069292243e-01
8.174794770336657468e-01
8.416487018043624646e-01
7.595792401620709011e-01
8.572473952565250466e-01
8.639989666795420131e-01
0.000000000000000000e+00
0.000000000000000000e+00
0.000000000000000000e+00
0.000000000000000000e+00
0.000000000000000000e+00
0.000000000000000000e+00
0.000000000000000000e+00
0.000000000000000000e+00
0.000000000000000000e+00
0.000000000000000000e+00
0.000000000000000000e+00
0.000000000000000000e+00
0.000000000000000000e+00
0.000000000000000000e+00
0.000000000000000000e+00
0.000000000000000000e+00
0.000000000000000000e+00
0.000000000000000000e+00
0.000000000000000000e+00
0.000000000000000000e+00
0.000000000000000000e+00
0.000000000000000000e+00
0.000000000000000000e+00
0.000000000000000000e+00
0.000000000000000000e+00
0.000000000000000000e+00
0.000000000000000000e+00
0.000000000000000000e+00
