0.000000000000000000e+00
0.000000000000000000e+00
0.000000000000000000e+00
0.000000000000000000e+00
0.000000000000000000e+00
0.000000000000000000e+00
0.000000000000000000e+00
0.000000000000000000e+00
0.000000000000000000e+00
0.000000000000000000e+00
0.000000000000000000e+00
0.000000000000000000e+00
0.000000000000000000e+00
0.000000000000000000e+00
0.000000000000000000e+00
0.000000000000000000e+00
0.000000000000000000e+00
0.000000000000000000e+00
0.000000000000000000e+00
0.000000000000000000e+00
0.000000000000000000e+00
0.000000000000000000e+00
4.688935091162211855e-01
4.877720987644793560e-01
4.721850526296814676e-01
4.944972612749401475e-01
5.227047583756639915e-01
5.350874041740434350e-01
5.464974335493153479e-01
5.680974202157303976e-01
5.796097042200798466e-01
6.005184496267990113e-01
6.047506093363813617e-01
6.146744230786423957e-01
6.172153752938654980e-01
6.238747308370709010e-01
6.378545013426254462e-01
6.256224861941255266e-01
6.287732138435514484e-01
6.249928492461309659e-01
6.219753701643221389e-01
6.337014008973631540e-01
6.447775641666337876e-01
6.471032963510242597e-01
6.579438850712315823e-01
6.664748061720975336e-01
6.759829286459412279e-01
6.832845860474556776e-01
6.908457712454749711e-01
7.016876286114448469e-01
7.037466248649921763e-01
7.125873584150793638e-01
7.174834423461844413e-01
7.344384964157862905e-01
7.343524264402833124e-01
7.447899504900242773e-01
7.595594723661966974e-01
7.760409432729519219e-01
7.779801943900325201e-01
7.808104762826895140e-01
7.984718574173460537e-01
8.117436560200824713e-01
8.174698794284774861e-01
8.327782221622056502e-01
8.382924667318999434e-01
8.509298674566235787e-01
8.621965505610280633e-01
9.183395318177051125e-01
9.188562136669070624e-01
9.588063588482761412e-01
8.973241857679892242e-01
9.824662885876411789e-01
1.000000000000000000e+00
0.000000000000000000e+00
0.000000000000000000e+00
0.000000000000000000e+00
0.000000000000000000e+00
0.000000000000000000e+00
0.000000000000000000e+00
0.000000000000000000e+00
0.000000000000000000e+00
0.000000000000000000e+00
0.000000000000000000e+00
0.000000000000000000e+00
0.000000000000000000e+00
0.000000000000000000e+00
0.000000000000000000e+00
0.000000000000000000e+00
0.000000000000000000e+00
0.000000000000000000e+00
0.000000000000000000e+00
0.000000000000000000e+00
0.000000000000000000e+00
0.000000000000000000e+00
0.000000000000000000e+00
0.000000000000000000e+00
0.000000000000000000e+00
0.000000000000000000e+00
0.000000000000000000e+00
0.000000000000000000e+00
0.000000000000000000e+00
