0.000000000000000000e+00
0.000000000000000000e+00
0.000000000000000000e+00
0.000000000000000000e+00
0.000000000000000000e+00
0.000000000000000000e+00
0.000000000000000000e+00
0.000000000000000000e+00
0.000000000000000000e+00
0.000000000000000000e+00
0.000000000000000000e+00
0.000000000000000000e+00
0.000000000000000000e+00
0.000000000000000000e+00
0.000000000000000000e+00
0.000000000000000000e+00
0.000000000000000000e+00
0.000000000000000000e+00
0.000000000000000000e+00
0.000000000000000000e+00
0.000000000000000000e+00
0.000000000000000000e+00
0.000000000000000000e+00
9.373387096320591194e-01
9.011573777816849207e-01
9.018282653388115522e-01
9.006589799681061770e-01
9.010183848215163049e-01
8.921980107934921467e-01
9.314791209124393401e-01
1.000000000000000000e+00
9.327574735219869018e-01
9.255921542833829285e-01
8.903009017295013816e-01
9.054274529529869886e-01
8.797499240885224836e-01
8.616717812366109230e-01
8.561639396596981699e-01
8.434602832947708517e-01
8.115369318285936551e-01
7.855806112460631541e-01
7.852639045774669757e-01
7.631070174964669217e-01
7.502211057271873651e-01
7.494758541933728146e-01
7.497597655034472508e-01
7.391830473489466868e-01
7.338892789407849282e-01
7.268498919226153987e-01
7.308566244947758417e-01
7.249516850332305973e-01
7.237651886319400596e-01
7.099024784685487033e-01
7.096153490013963339e-01
7.030054790784785457e-01
7.016404972995381462e-01
6.964320563606095638e-01
7.124545167942271107e-01
7.090275782869581711e-01
6.806042098088631587e-01
6.800072377390196099e-01
6.894539693969924388e-01
6.900814132994532724e-01
6.971806922997670908e-01
7.144340490564790036e-01
7.257130358204945120e-01
7.804807447771147100e-01
7.805451720455568454e-01
7.917126944870236382e-01
7.843245100210026743e-01
7.864243893368995098e-01
8.063322357136489815e-01
0.000000000000000000e+00
0.000000000000000000e+00
0.000000000000000000e+00
0.000000000000000000e+00
0.000000000000000000e+00
0.000000000000000000e+00
0.000000000000000000e+00
0.000000000000000000e+00
0.000000000000000000e+00
0.000000000000000000e+00
0.000000000000000000e+00
0.000000000000000000e+00
0.000000000000000000e+00
0.000000000000000000e+00
0.000000000000000000e+00
0.000000000000000000e+00
0.000000000000000000e+00
0.000000000000000000e+00
0.000000000000000000e+00
0.000000000000000000e+00
0.000000000000000000e+00
0.000000000000000000e+00
0.000000000000000000e+00
0.000000000000000000e+00
0.000000000000000000e+00
0.000000000000000000e+00
0.000000000000000000e+00
0.000000000000000000e+00
0.000000000000000000e+00
