0.000000000000000000e+00
0.000000000000000000e+00
0.000000000000000000e+00
0.000000000000000000e+00
0.000000000000000000e+00
0.000000000000000000e+00
0.000000000000000000e+00
0.000000000000000000e+00
0.000000000000000000e+00
0.000000000000000000e+00
0.000000000000000000e+00
0.000000000000000000e+00
0.000000000000000000e+00
0.000000000000000000e+00
0.000000000000000000e+00
0.000000000000000000e+00
0.000000000000000000e+00
0.000000000000000000e+00
0.000000000000000000e+00
0.000000000000000000e+00
0.000000000000000000e+00
0.000000000000000000e+00
7.842879479138135101e-01
7.861041570757013597e-01
7.378653179041001486e-01
7.805643676875539949e-01
8.074025420352749505e-01
8.056416389940991296e-01
8.298046530087183070e-01
8.317899028326841693e-01
8.557405780576670118e-01
8.819767796758720690e-01
8.555263747775064820e-01
8.850391495838426659e-01
8.708023267100827303e-01
8.872952251949483005e-01
8.546778703414457112e-01
8.645143556042270694e-01
8.556171235040608281e-01
8.538370308079673565e-01
8.544718239169536433e-01
8.592221450450263642e-01
8.508516094391801454e-01
8.557163223964077137e-01
8.701761492653622421e-01
8.695647671308639470e-01
8.695411081158431754e-01
8.758566078264005128e-01
8.659801464639350632e-01
8.755903146353277711e-01
8.745931866853647874e-01
8.865499359108279798e-01
8.764776609470326107e-01
8.892843007060905469e-01
8.783752728928229114e-01
8.884939398161012525e-01
8.816472987123264993e-01
8.919552529312771982e-01
8.799570185882623630e-01
8.766718907505176572e-01
8.802555661045680102e-01
8.810833568815056305e-01
8.768758298340411095e-01
8.921988220599507136e-01
8.918817326989932903e-01
9.161172098736777292e-01
9.190542295805356199e-01
9.665982794647913767e-01
9.691253838771839435e-01
1.000000000000000000e+00
9.167749062327993359e-01
9.565911369358871541e-01
9.780160550893723936e-01
0.000000000000000000e+00
0.000000000000000000e+00
0.000000000000000000e+00
0.000000000000000000e+00
0.000000000000000000e+00
0.000000000000000000e+00
0.000000000000000000e+00
0.000000000000000000e+00
0.000000000000000000e+00
0.000000000000000000e+00
0.000000000000000000e+00
0.000000000000000000e+00
0.000000000000000000e+00
0.000000000000000000e+00
0.000000000000000000e+00
0.000000000000000000e+00
0.000000000000000000e+00
0.000000000000000000e+00
0.000000000000000000e+00
0.000000000000000000e+00
0.000000000000000000e+00
0.000000000000000000e+00
0.000000000000000000e+00
0.000000000000000000e+00
0.000000000000000000e+00
0.000000000000000000e+00
0.000000000000000000e+00
0.000000000000000000e+00
