0.000000000000000000e+00
0.000000000000000000e+00
0.000000000000000000e+00
0.000000000000000000e+00
0.000000000000000000e+00
0.000000000000000000e+00
0.000000000000000000e+00
0.000000000000000000e+00
0.000000000000000000e+00
0.000000000000000000e+00
0.000000000000000000e+00
0.000000000000000000e+00
0.000000000000000000e+00
0.000000000000000000e+00
0.000000000000000000e+00
0.000000000000000000e+00
0.000000000000000000e+00
0.000000000000000000e+00
0.000000000000000000e+00
0.000000000000000000e+00
0.000000000000000000e+00
0.000000000000000000e+00
0.000000000000000000e+00
1.000000000000000000e+00
8.864133034616984430e-01
9.020416289298877066e-01
9.044799979436103365e-01
9.066554993939301976e-01
9.129784212430335222e-01
9.144345935399097458e-01
9.168145188779558419e-01
9.315887250286482013e-01
9.002758767651398708e-01
8.680597611486132736e-01
9.146749577549172505e-01
8.871098005435800182e-01
8.477277964306125790e-01
8.333324155499108876e-01
8.117698221859773744e-01
7.900512383770614822e-01
7.646421093314759165e-01
7.471606666901259297e-01
7.250597173356774228e-01
7.146287285678309953e-01
7.073607888486043160e-01
6.944583121775057544e-01
6.860696241187452804e-01
6.870367419040863677e-01
6.824659547360950596e-01
6.767249907808904341e-01
6.715887744109619861e-01
6.588572925599307517e-01
6.573588490720747579e-01
6.457651747054737879e-01
6.422129985208916425e-01
6.474054355538092498e-01
6.472943228159978579e-01
6.559926268528537552e-01
6.503331751268940364e-01
6.248541722906186813e-01
6.242048883657020930e-01
6.339457381199848918e-01
6.406419546349456651e-01
6.471488134244812729e-01
6.703783970934319436e-01
6.827406218623488510e-01
6.908640288061295154e-01
7.212146826846463910e-01
7.566413398419651326e-01
7.260334432483761535e-01
7.506773347834734267e-01
7.742538965920613414e-01
0.000000000000000000e+00
0.000000000000000000e+00
0.000000000000000000e+00
0.000000000000000000e+00
0.000000000000000000e+00
0.000000000000000000e+00
0.000000000000000000e+00
0.000000000000000000e+00
0.000000000000000000e+00
0.000000000000000000e+00
0.000000000000000000e+00
0.000000000000000000e+00
0.000000000000000000e+00
0.000000000000000000e+00
0.000000000000000000e+00
0.000000000000000000e+00
0.000000000000000000e+00
0.000000000000000000e+00
0.000000000000000000e+00
0.000000000000000000e+00
0.000000000000000000e+00
0.000000000000000000e+00
0.000000000000000000e+00
0.000000000000000000e+00
0.000000000000000000e+00
0.000000000000000000e+00
0.000000000000000000e+00
0.000000000000000000e+00
0.000000000000000000e+00
