0.000000000000000000e+00
0.000000000000000000e+00
0.000000000000000000e+00
0.000000000000000000e+00
0.000000000000000000e+00
0.000000000000000000e+00
0.000000000000000000e+00
0.000000000000000000e+00
0.000000000000000000e+00
0.000000000000000000e+00
0.000000000000000000e+00
0.000000000000000000e+00
0.000000000000000000e+00
0.000000000000000000e+00
0.000000000000000000e+00
0.000000000000000000e+00
0.000000000000000000e+00
0.000000000000000000e+00
0.000000000000000000e+00
0.000000000000000000e+00
0.000000000000000000e+00
0.000000000000000000e+00
0.000000000000000000e+00
1.000000000000000000e+00
9.208245926981587504e-01
9.247904149219595693e-01
9.323360512138929579e-01
9.235742923706404817e-01
9.357991690160556431e-01
9.610569958193586615e-01
9.513831411196818078e-01
9.634698374304977442e-01
9.503032446834388525e-01
8.788083949648974880e-01
9.164453835433957751e-01
9.019506590267574175e-01
8.789924656470259334e-01
8.910672172738278718e-01
8.764219307960388061e-01
8.575934207801060305e-01
8.338455627928926805e-01
8.325816580390943411e-01
8.112686579671760656e-01
8.073901092446563732e-01
8.001753271296664360e-01
7.973442990810184483e-01
7.855214643604780944e-01
7.822904496651401640e-01
7.839589639812074573e-01
7.806670464023159894e-01
7.730135373225119899e-01
7.694609790803305094e-01
7.509715652796730145e-01
7.395458768042939557e-01
7.300929260316025848e-01
7.201080719575374545e-01
7.150859422189561609e-01
7.132943531521176439e-01
7.131385133176205704e-01
6.907707131065494721e-01
7.069689393418947532e-01
7.087278098230971324e-01
7.121917431408539834e-01
7.099065242229305461e-01
7.214362749334602976e-01
7.267707743647577878e-01
7.482166627255393276e-01
7.757352076084389481e-01
7.936168929383846660e-01
7.760565064938647062e-01
7.895866508491274915e-01
8.049172761875137416e-01
0.000000000000000000e+00
0.000000000000000000e+00
0.000000000000000000e+00
0.000000000000000000e+00
0.000000000000000000e+00
0.000000000000000000e+00
0.000000000000000000e+00
0.000000000000000000e+00
0.000000000000000000e+00
0.000000000000000000e+00
0.000000000000000000e+00
0.000000000000000000e+00
0.000000000000000000e+00
0.000000000000000000e+00
0.000000000000000000e+00
0.000000000000000000e+00
0.000000000000000000e+00
0.000000000000000000e+00
0.000000000000000000e+00
0.000000000000000000e+00
0.000000000000000000e+00
0.000000000000000000e+00
0.000000000000000000e+00
0.000000000000000000e+00
0.000000000000000000e+00
0.000000000000000000e+00
0.000000000000000000e+00
0.000000000000000000e+00
0.000000000000000000e+00
