0.000000000000000000e+00
0.000000000000000000e+00
0.000000000000000000e+00
0.000000000000000000e+00
0.000000000000000000e+00
0.000000000000000000e+00
0.000000000000000000e+00
0.000000000000000000e+00
0.000000000000000000e+00
0.000000000000000000e+00
0.000000000000000000e+00
0.000000000000000000e+00
0.000000000000000000e+00
0.000000000000000000e+00
0.000000000000000000e+00
0.000000000000000000e+00
0.000000000000000000e+00
0.000000000000000000e+00
0.000000000000000000e+00
0.000000000000000000e+00
0.000000000000000000e+00
0.000000000000000000e+00
7.354636573143894518e-01
7.191024946298810727e-01
7.181216195776350952e-01
7.207007507147085157e-01
7.672128326016114386e-01
7.413188743495834343e-01
7.754512053635554958e-01
7.906057563329521587e-01
8.142262759960225971e-01
8.351365667348482624e-01
7.170913582336579939e-01
7.669500266802731225e-01
7.704152070645150507e-01
7.807880853062312276e-01
7.875444907539669304e-01
7.899678903304078181e-01
7.947790562068768327e-01
7.968584267568764590e-01
8.051046245374730015e-01
8.381766685917622084e-01
8.434135353099676546e-01
8.543676587064332750e-01
8.654672652227349827e-01
8.647536378062391504e-01
8.563149934967911880e-01
8.630580535134108056e-01
8.717721664093623923e-01
8.749752877259112660e-01
8.772355027441849362e-01
8.868328164075314213e-01
8.749776637143582558e-01
8.881684424262787925e-01
8.681536862650043318e-01
8.821741565476907132e-01
8.763076473652845477e-01
8.949050885631022467e-01
8.739349853663596068e-01
8.804915292948019001e-01
8.628547055192117288e-01
8.720398685462252830e-01
8.665536542002697518e-01
8.764955213678878865e-01
8.888476736193137162e-01
8.981617337220038078e-01
9.103744114218755845e-01
9.277990051414090056e-01
9.557894627411609445e-01
1.000000000000000000e+00
8.852798181860488391e-01
9.441586811666262680e-01
9.743937509046944889e-01
0.000000000000000000e+00
0.000000000000000000e+00
0.000000000000000000e+00
0.000000000000000000e+00
0.000000000000000000e+00
0.000000000000000000e+00
0.000000000000000000e+00
0.000000000000000000e+00
0.000000000000000000e+00
0.000000000000000000e+00
0.000000000000000000e+00
0.000000000000000000e+00
0.000000000000000000e+00
0.000000000000000000e+00
0.000000000000000000e+00
0.000000000000000000e+00
0.000000000000000000e+00
0.000000000000000000e+00
0.000000000000000000e+00
0.000000000000000000e+00
0.000000000000000000e+00
0.000000000000000000e+00
0.000000000000000000e+00
0.000000000000000000e+00
0.000000000000000000e+00
0.000000000000000000e+00
0.000000000000000000e+00
0.000000000000000000e+00
