0.000000000000000000e+00
0.000000000000000000e+00
0.000000000000000000e+00
0.000000000000000000e+00
0.000000000000000000e+00
0.000000000000000000e+00
0.000000000000000000e+00
0.000000000000000000e+00
0.000000000000000000e+00
0.000000000000000000e+00
0.000000000000000000e+00
0.000000000000000000e+00
0.000000000000000000e+00
0.000000000000000000e+00
0.000000000000000000e+00
0.000000000000000000e+00
0.000000000000000000e+00
0.000000000000000000e+00
0.000000000000000000e+00
0.000000000000000000e+00
0.000000000000000000e+00
0.000000000000000000e+00
0.000000000000000000e+00
9.436001741611305116e-01
8.921018337169233092e-01
1.000000000000000000e+00
9.334160253862950896e-01
8.635758241888197295e-01
8.389727259943668969e-01
8.690086578760638503e-01
8.539508014801484581e-01
8.793330860847080599e-01
8.633323319060789425e-01
8.587796266026885839e-01
9.075216448338507824e-01
8.873023027182015410e-01
8.583295605115576210e-01
8.532440442430327954e-01
8.392253195406947919e-01
8.246621608354238742e-01
8.120867096633768156e-01
8.196401982942711495e-01
7.963452979324284753e-01
7.773687288958208708e-01
7.692938063461453035e-01
7.611429143607894021e-01
7.607349519478184829e-01
7.540941549966039270e-01
7.576253886483367284e-01
7.563447183261182705e-01
7.496693112197093667e-01
7.445438699045441311e-01
7.330505054518065000e-01
7.269012300378582259e-01
7.195155976360166905e-01
7.085904185662755816e-01
7.124648086396413449e-01
7.086094898507067086e-01
7.039784217553149981e-01
6.751564118441446549e-01
6.937004029292039853e-01
6.973476499351766167e-01
6.993334340299416363e-01
7.105574928655002953e-01
7.264677727424633247e-01
7.353024451603002998e-01
7.903035978047111554e-01
7.934200724146658334e-01
8.023264672845910050e-01
7.926447453001673749e-01
8.083309906458987504e-01
8.199292556619366401e-01
0.000000000000000000e+00
0.000000000000000000e+00
0.000000000000000000e+00
0.000000000000000000e+00
0.000000000000000000e+00
0.000000000000000000e+00
0.000000000000000000e+00
0.000000000000000000e+00
0.000000000000000000e+00
0.000000000000000000e+00
0.000000000000000000e+00
0.000000000000000000e+00
0.000000000000000000e+00
0.000000000000000000e+00
0.000000000000000000e+00
0.000000000000000000e+00
0.000000000000000000e+00
0.000000000000000000e+00
0.000000000000000000e+00
0.000000000000000000e+00
0.000000000000000000e+00
0.000000000000000000e+00
0.000000000000000000e+00
0.000000000000000000e+00
0.000000000000000000e+00
0.000000000000000000e+00
0.000000000000000000e+00
0.000000000000000000e+00
0.000000000000000000e+00
