0.000000000000000000e+00
0.000000000000000000e+00
0.000000000000000000e+00
0.000000000000000000e+00
0.000000000000000000e+00
0.000000000000000000e+00
0.000000000000000000e+00
0.000000000000000000e+00
0.000000000000000000e+00
0.000000000000000000e+00
0.000000000000000000e+00
0.000000000000000000e+00
0.000000000000000000e+00
0.000000000000000000e+00
0.000000000000000000e+00
0.000000000000000000e+00
0.000000000000000000e+00
0.000000000000000000e+00
0.000000000000000000e+00
0.000000000000000000e+00
0.000000000000000000e+00
0.000000000000000000e+00
8.238171252381171206e-01
7.946770795650111019e-01
7.846946574006772313e-01
8.058497393266932374e-01
8.330395634651968084e-01
8.466937627284145673e-01
8.792188937128769810e-01
8.741265276380979499e-01
9.143880916931698133e-01
8.917544225968696558e-01
8.972192684034446808e-01
9.228149217653811576e-01
9.347046060569829118e-01
9.236423851987169975e-01
9.286741529876636481e-01
9.190043884678006370e-01
9.064130260952519835e-01
8.982751577633317774e-01
8.735431838065180754e-01
8.691872377859162224e-01
8.537982103858527960e-01
8.589149753325941994e-01
8.643914887591787055e-01
8.603107114373215181e-01
8.519596200682004739e-01
8.634641997846141948e-01
8.701752799618518441e-01
8.767056943841406991e-01
8.813812146206978504e-01
8.860605422218185145e-01
8.872071605944990003e-01
8.836859200703224282e-01
8.787939944396172542e-01
8.843786301978983078e-01
8.787863273456458790e-01
8.936883654798507548e-01
8.995258136349150169e-01
8.651820582667136827e-01
8.510987748375584694e-01
8.542798771640454092e-01
8.657623040169948325e-01
8.713203502173770820e-01
8.696051348028676076e-01
9.056596752842434039e-01
9.154783091635146919e-01
9.594738796207107345e-01
9.891020111513953994e-01
9.531429228537214859e-01
9.943405514090988273e-01
1.000000000000000000e+00
0.000000000000000000e+00
0.000000000000000000e+00
0.000000000000000000e+00
0.000000000000000000e+00
0.000000000000000000e+00
0.000000000000000000e+00
0.000000000000000000e+00
0.000000000000000000e+00
0.000000000000000000e+00
0.000000000000000000e+00
0.000000000000000000e+00
0.000000000000000000e+00
0.000000000000000000e+00
0.000000000000000000e+00
0.000000000000000000e+00
0.000000000000000000e+00
0.000000000000000000e+00
0.000000000000000000e+00
0.000000000000000000e+00
0.000000000000000000e+00
0.000000000000000000e+00
0.000000000000000000e+00
0.000000000000000000e+00
0.000000000000000000e+00
0.000000000000000000e+00
0.000000000000000000e+00
0.000000000000000000e+00
0.000000000000000000e+00
0.000000000000000000e+00
