0.000000000000000000e+00
0.000000000000000000e+00
0.000000000000000000e+00
0.000000000000000000e+00
0.000000000000000000e+00
0.000000000000000000e+00
0.000000000000000000e+00
0.000000000000000000e+00
0.000000000000000000e+00
0.000000000000000000e+00
0.000000000000000000e+00
0.000000000000000000e+00
0.000000000000000000e+00
0.000000000000000000e+00
0.000000000000000000e+00
0.000000000000000000e+00
0.000000000000000000e+00
0.000000000000000000e+00
0.000000000000000000e+00
0.000000000000000000e+00
0.000000000000000000e+00
0.000000000000000000e+00
0.000000000000000000e+00
1.000000000000000000e+00
9.471225014961561772e-01
9.353592950826253860e-01
9.612808737173234030e-01
9.579556179498120994e-01
9.511422257096289190e-01
9.821768244026193306e-01
9.727559973037401830e-01
9.793995080127942954e-01
9.623523470934600699e-01
9.388220065707949535e-01
9.575384614118241933e-01
9.348860604229046745e-01
8.938047546605359939e-01
8.945046306523728452e-01
8.796900683521386988e-01
8.538464058765300457e-01
8.224224309262541110e-01
8.246430315463407767e-01
8.092925878262557937e-01
7.933124933531869871e-01
7.835531985580331815e-01
7.792796636509822239e-01
7.709724303601934725e-01
7.664496980833566120e-01
7.701070905360648533e-01
7.628120610985470451e-01
7.585947373368110425e-01
7.539569313376671689e-01
7.392457947198058932e-01
7.315338318135204965e-01
7.275248145350728946e-01
7.151838449677027088e-01
7.191736971531899059e-01
7.261880303015780802e-01
7.231559675414515054e-01
7.070232221146828255e-01
6.974595936632824733e-01
7.042821476996456997e-01
6.973377599224257484e-01
7.033334979741977522e-01
7.120125530320551288e-01
7.194093424658494218e-01
7.374076077443012522e-01
7.597868106702041491e-01
7.696181639744776870e-01
7.548587277823478603e-01
7.590476885721941791e-01
7.821223951044469214e-01
0.000000000000000000e+00
0.000000000000000000e+00
0.000000000000000000e+00
0.000000000000000000e+00
0.000000000000000000e+00
0.000000000000000000e+00
0.000000000000000000e+00
0.000000000000000000e+00
0.000000000000000000e+00
0.000000000000000000e+00
0.000000000000000000e+00
0.000000000000000000e+00
0.000000000000000000e+00
0.000000000000000000e+00
0.000000000000000000e+00
0.000000000000000000e+00
0.000000000000000000e+00
0.000000000000000000e+00
0.000000000000000000e+00
0.000000000000000000e+00
0.000000000000000000e+00
0.000000000000000000e+00
0.000000000000000000e+00
0.000000000000000000e+00
0.000000000000000000e+00
0.000000000000000000e+00
0.000000000000000000e+00
0.000000000000000000e+00
0.000000000000000000e+00
