0.000000000000000000e+00
0.000000000000000000e+00
0.000000000000000000e+00
0.000000000000000000e+00
0.000000000000000000e+00
0.000000000000000000e+00
0.000000000000000000e+00
0.000000000000000000e+00
0.000000000000000000e+00
0.000000000000000000e+00
0.000000000000000000e+00
0.000000000000000000e+00
0.000000000000000000e+00
0.000000000000000000e+00
0.000000000000000000e+00
0.000000000000000000e+00
0.000000000000000000e+00
0.000000000000000000e+00
0.000000000000000000e+00
0.000000000000000000e+00
0.000000000000000000e+00
0.000000000000000000e+00
0.000000000000000000e+00
1.000000000000000000e+00
9.594734817204486621e-01
9.592032706374924445e-01
9.590201887320866092e-01
9.486221917176058671e-01
9.511829995338625388e-01
9.869952449693732976e-01
9.686607174910156770e-01
9.886723139565930518e-01
9.653419986616866844e-01
9.420217371324179911e-01
9.684634739136018799e-01
9.431934263712560274e-01
9.145022345208427828e-01
8.979650541040389289e-01
8.832901403987311051e-01
8.643729556716527318e-01
8.314258901900843934e-01
8.283902227415873565e-01
8.044325696486049893e-01
7.957819568033117630e-01
7.900093314435883141e-01
7.856370736283643241e-01
7.766486639107116341e-01
7.655670780411997223e-01
7.742328117476776628e-01
7.621611469799525196e-01
7.590498623839139203e-01
7.519946294366713913e-01
7.495061557998694557e-01
7.452544121012899536e-01
7.414653747290739227e-01
7.355314561460121192e-01
7.456570383452579831e-01
7.542781288998904321e-01
7.463278850721670743e-01
7.258832913142343468e-01
7.182582678265321263e-01
7.260772914616059337e-01
7.281482104657257537e-01
7.380586744262510601e-01
7.520884657115363137e-01
7.687420755856239074e-01
8.257798974446938223e-01
8.307161364655892832e-01
8.474655612545863859e-01
8.261060340522280443e-01
8.298077637481023894e-01
8.578202975308483191e-01
0.000000000000000000e+00
0.000000000000000000e+00
0.000000000000000000e+00
0.000000000000000000e+00
0.000000000000000000e+00
0.000000000000000000e+00
0.000000000000000000e+00
0.000000000000000000e+00
0.000000000000000000e+00
0.000000000000000000e+00
0.000000000000000000e+00
0.000000000000000000e+00
0.000000000000000000e+00
0.000000000000000000e+00
0.000000000000000000e+00
0.000000000000000000e+00
0.000000000000000000e+00
0.000000000000000000e+00
0.000000000000000000e+00
0.000000000000000000e+00
0.000000000000000000e+00
0.000000000000000000e+00
0.000000000000000000e+00
0.000000000000000000e+00
0.000000000000000000e+00
0.000000000000000000e+00
0.000000000000000000e+00
0.000000000000000000e+00
0.000000000000000000e+00
