0.000000000000000000e+00
0.000000000000000000e+00
0.000000000000000000e+00
0.000000000000000000e+00
0.000000000000000000e+00
0.000000000000000000e+00
0.000000000000000000e+00
0.000000000000000000e+00
0.000000000000000000e+00
0.000000000000000000e+00
0.000000000000000000e+00
0.000000000000000000e+00
0.000000000000000000e+00
0.000000000000000000e+00
0.000000000000000000e+00
0.000000000000000000e+00
0.000000000000000000e+00
0.000000000000000000e+00
0.000000000000000000e+00
0.000000000000000000e+00
0.000000000000000000e+00
6.902451696502289735e-01
7.060035013210333998e-01
7.753227804831849257e-01
7.701240925976309271e-01
7.443539445082426598e-01
7.110179491577038879e-01
7.177936026829384586e-01
6.971959731643978531e-01
7.157330520568987442e-01
7.152514943689813887e-01
7.086986998065306631e-01
7.197602499730332282e-01
7.379856949465309901e-01
7.270932955405784437e-01
7.231769369380969259e-01
6.970093196258780877e-01
6.904732381085300075e-01
6.701699345347726933e-01
6.874358281338761589e-01
6.718623434714893206e-01
6.779930365229708267e-01
6.569640359198475332e-01
6.769850624448195964e-01
6.434029743959787107e-01
6.567200219573497977e-01
6.361730494501571798e-01
6.573136353360600204e-01
6.351662329451369660e-01
6.560756382371577544e-01
6.291481128000373513e-01
6.451050174111097046e-01
6.187356216114811014e-01
6.433971167786834977e-01
6.233883344356581091e-01
6.412165471296734642e-01
6.185971979459587988e-01
6.364560050141193637e-01
6.144618202602729617e-01
6.106905800473042545e-01
5.798800162035537831e-01
5.871565554226256811e-01
5.725813748811318105e-01
5.804213758489740194e-01
5.730276768910432805e-01
5.813525224076221409e-01
5.758112005449594895e-01
5.870301933600068356e-01
6.097495089615381225e-01
6.103252838585048190e-01
5.992711657077118836e-01
6.498724537691551451e-01
6.962360858682421494e-01
1.000000000000000000e+00
0.000000000000000000e+00
0.000000000000000000e+00
0.000000000000000000e+00
0.000000000000000000e+00
0.000000000000000000e+00
0.000000000000000000e+00
0.000000000000000000e+00
0.000000000000000000e+00
0.000000000000000000e+00
0.000000000000000000e+00
0.000000000000000000e+00
0.000000000000000000e+00
0.000000000000000000e+00
0.000000000000000000e+00
0.000000000000000000e+00
0.000000000000000000e+00
0.000000000000000000e+00
0.000000000000000000e+00
0.000000000000000000e+00
0.000000000000000000e+00
0.000000000000000000e+00
0.000000000000000000e+00
0.000000000000000000e+00
0.000000000000000000e+00
0.000000000000000000e+00
0.000000000000000000e+00
0.000000000000000000e+00
