0.000000000000000000e+00
0.000000000000000000e+00
0.000000000000000000e+00
0.000000000000000000e+00
0.000000000000000000e+00
0.000000000000000000e+00
0.000000000000000000e+00
0.000000000000000000e+00
0.000000000000000000e+00
0.000000000000000000e+00
0.000000000000000000e+00
0.000000000000000000e+00
0.000000000000000000e+00
0.000000000000000000e+00
0.000000000000000000e+00
0.000000000000000000e+00
0.000000000000000000e+00
0.000000000000000000e+00
0.000000000000000000e+00
0.000000000000000000e+00
0.000000000000000000e+00
0.000000000000000000e+00
9.043636603505572635e-01
8.453555864756951976e-01
8.138265260585246796e-01
8.433753751650183705e-01
8.445153836283841864e-01
8.594491837906121923e-01
8.803167866822048104e-01
8.920356924503907159e-01
9.059833970363432298e-01
8.795968420176472069e-01
8.902160428275769366e-01
9.007422482099831651e-01
9.179949099959419101e-01
9.024758399828043398e-01
8.809639215004513302e-01
8.726716487902346220e-01
8.613774551065571661e-01
8.466946241056939604e-01
8.278335054495581380e-01
8.157630918977337720e-01
7.959151906776260610e-01
7.917385227076578769e-01
7.928306567299694407e-01
7.872556029476649453e-01
7.861733454190027448e-01
7.949098221305933576e-01
7.998122186933178668e-01
7.932038290662201119e-01
7.976008833558878575e-01
8.083815992958919283e-01
8.082906602856168021e-01
8.107280770049865026e-01
8.003239065004351671e-01
8.046412035916494787e-01
8.022236568049573302e-01
8.100106097702151065e-01
8.229796017606022529e-01
7.939642846435156498e-01
7.835737398319279068e-01
7.895253406375686289e-01
8.080153123154808492e-01
8.095964867589678926e-01
8.172805110928852423e-01
8.653997176852522566e-01
8.735866630870295912e-01
9.154598062506523748e-01
9.485032428175903529e-01
9.186907196261959729e-01
9.633774939111001689e-01
1.000000000000000000e+00
0.000000000000000000e+00
0.000000000000000000e+00
0.000000000000000000e+00
0.000000000000000000e+00
0.000000000000000000e+00
0.000000000000000000e+00
0.000000000000000000e+00
0.000000000000000000e+00
0.000000000000000000e+00
0.000000000000000000e+00
0.000000000000000000e+00
0.000000000000000000e+00
0.000000000000000000e+00
0.000000000000000000e+00
0.000000000000000000e+00
0.000000000000000000e+00
0.000000000000000000e+00
0.000000000000000000e+00
0.000000000000000000e+00
0.000000000000000000e+00
0.000000000000000000e+00
0.000000000000000000e+00
0.000000000000000000e+00
0.000000000000000000e+00
0.000000000000000000e+00
0.000000000000000000e+00
0.000000000000000000e+00
0.000000000000000000e+00
0.000000000000000000e+00
