0.000000000000000000e+00
0.000000000000000000e+00
0.000000000000000000e+00
0.000000000000000000e+00
0.000000000000000000e+00
0.000000000000000000e+00
0.000000000000000000e+00
0.000000000000000000e+00
0.000000000000000000e+00
0.000000000000000000e+00
0.000000000000000000e+00
0.000000000000000000e+00
0.000000000000000000e+00
0.000000000000000000e+00
0.000000000000000000e+00
0.000000000000000000e+00
0.000000000000000000e+00
0.000000000000000000e+00
0.000000000000000000e+00
0.000000000000000000e+00
0.000000000000000000e+00
0.000000000000000000e+00
8.803152177552204805e-01
8.219095969207464991e-01
7.986032505107799606e-01
8.200905868250852881e-01
8.172463079384540974e-01
8.036488853289791567e-01
8.376908285835471535e-01
8.412646150403024770e-01
8.452525095821001866e-01
8.776941498630738137e-01
8.560228643543101867e-01
8.408060546522569956e-01
8.784758563671115628e-01
8.708709815935100629e-01
8.569055143700718968e-01
8.620588597097533778e-01
8.382642307514021063e-01
8.157748416648157308e-01
7.990739730163476384e-01
7.926762257143264989e-01
7.757356307969172082e-01
7.702093990989336003e-01
7.685071525517979119e-01
7.664956218242001684e-01
7.622632971838430027e-01
7.569438953393320402e-01
7.579319519834876173e-01
7.611070918182382128e-01
7.606762478534312422e-01
7.586372442075330902e-01
7.563251866305253923e-01
7.550705472722195610e-01
7.413463540353820713e-01
7.471706222564694633e-01
7.489667225958799301e-01
7.591304089540724664e-01
7.721276969672761226e-01
7.235876836975967397e-01
7.081171445809255616e-01
7.124417986192562724e-01
7.240721547665466273e-01
7.266678422056741526e-01
7.419200261249295769e-01
7.649679123711426998e-01
7.804959807392201077e-01
7.817621409990814785e-01
8.067302571749024320e-01
7.419026301272305668e-01
7.622432068596671773e-01
8.105792071038170343e-01
1.000000000000000000e+00
0.000000000000000000e+00
0.000000000000000000e+00
0.000000000000000000e+00
0.000000000000000000e+00
0.000000000000000000e+00
0.000000000000000000e+00
0.000000000000000000e+00
0.000000000000000000e+00
0.000000000000000000e+00
0.000000000000000000e+00
0.000000000000000000e+00
0.000000000000000000e+00
0.000000000000000000e+00
0.000000000000000000e+00
0.000000000000000000e+00
0.000000000000000000e+00
0.000000000000000000e+00
0.000000000000000000e+00
0.000000000000000000e+00
0.000000000000000000e+00
0.000000000000000000e+00
0.000000000000000000e+00
0.000000000000000000e+00
0.000000000000000000e+00
0.000000000000000000e+00
0.000000000000000000e+00
0.000000000000000000e+00
0.000000000000000000e+00
