0.000000000000000000e+00
0.000000000000000000e+00
0.000000000000000000e+00
0.000000000000000000e+00
0.000000000000000000e+00
0.000000000000000000e+00
0.000000000000000000e+00
0.000000000000000000e+00
0.000000000000000000e+00
0.000000000000000000e+00
0.000000000000000000e+00
0.000000000000000000e+00
0.000000000000000000e+00
0.000000000000000000e+00
0.000000000000000000e+00
0.000000000000000000e+00
0.000000000000000000e+00
0.000000000000000000e+00
0.000000000000000000e+00
0.000000000000000000e+00
0.000000000000000000e+00
0.000000000000000000e+00
0.000000000000000000e+00
9.351556195707954044e-01
8.474026785159912700e-01
8.384032554758148459e-01
8.201758008629955743e-01
8.284578773765918225e-01
8.332684204378761894e-01
8.791623303606309614e-01
8.818012088290676509e-01
9.395252799378903674e-01
9.149090822647546473e-01
9.333422196153483563e-01
1.000000000000000000e+00
9.880455767886100471e-01
9.514847533217074549e-01
9.632123892390540565e-01
9.595028357275203756e-01
9.779819956640989354e-01
9.631335771321120065e-01
9.612140521765479839e-01
9.332788536067582186e-01
9.301311012910480347e-01
9.445984334759637280e-01
9.442311515113165354e-01
9.531906674404614366e-01
9.478919594465791132e-01
9.659962213889278226e-01
9.679184421484200440e-01
9.697247444863383858e-01
9.608043522955478366e-01
9.652829398933999716e-01
9.456178238329201458e-01
9.330901518533908368e-01
9.116994236732103296e-01
9.107130140879022839e-01
8.943920168954850869e-01
8.824007304984510247e-01
8.509679485563738099e-01
8.369452428115541354e-01
8.370343801232517089e-01
8.309689752692086540e-01
8.476218240726713926e-01
8.403875065276643630e-01
8.599054289702243725e-01
9.042252860580543006e-01
8.938010257707827977e-01
9.019629665252075768e-01
9.008705586769865103e-01
9.179631766402307491e-01
9.221919501707183109e-01
0.000000000000000000e+00
0.000000000000000000e+00
0.000000000000000000e+00
0.000000000000000000e+00
0.000000000000000000e+00
0.000000000000000000e+00
0.000000000000000000e+00
0.000000000000000000e+00
0.000000000000000000e+00
0.000000000000000000e+00
0.000000000000000000e+00
0.000000000000000000e+00
0.000000000000000000e+00
0.000000000000000000e+00
0.000000000000000000e+00
0.000000000000000000e+00
0.000000000000000000e+00
0.000000000000000000e+00
0.000000000000000000e+00
0.000000000000000000e+00
0.000000000000000000e+00
0.000000000000000000e+00
0.000000000000000000e+00
0.000000000000000000e+00
0.000000000000000000e+00
0.000000000000000000e+00
0.000000000000000000e+00
0.000000000000000000e+00
0.000000000000000000e+00
