0.000000000000000000e+00
0.000000000000000000e+00
0.000000000000000000e+00
0.000000000000000000e+00
0.000000000000000000e+00
0.000000000000000000e+00
0.000000000000000000e+00
0.000000000000000000e+00
0.000000000000000000e+00
0.000000000000000000e+00
0.000000000000000000e+00
0.000000000000000000e+00
0.000000000000000000e+00
0.000000000000000000e+00
0.000000000000000000e+00
0.000000000000000000e+00
0.000000000000000000e+00
0.000000000000000000e+00
0.000000000000000000e+00
0.000000000000000000e+00
0.000000000000000000e+00
0.000000000000000000e+00
9.420899186142911441e-01
9.468375599701507328e-01
9.184999218871763293e-01
9.257286448876896889e-01
9.599625837726623034e-01
9.575656151664496685e-01
9.731657257250724280e-01
9.913680627107583909e-01
9.949162826984560004e-01
1.000000000000000000e+00
9.979946572410098860e-01
9.909622530387289796e-01
9.766748645843680299e-01
9.824281741641827104e-01
9.300078322279328180e-01
9.363738406784591906e-01
9.233649550286660013e-01
9.131424604383229227e-01
8.993937686591157998e-01
8.790330397577483801e-01
8.775435304221698152e-01
8.732753362032299460e-01
8.764660509820569878e-01
8.570399646244293290e-01
8.597117087821529724e-01
8.562951597516401669e-01
8.464214806469876340e-01
8.428176242611367108e-01
8.357531743023561832e-01
8.374893274585232250e-01
8.206127852030512537e-01
8.263422606113949298e-01
8.091742668556256568e-01
8.134626821015913389e-01
8.147328172197259022e-01
8.203484497419165633e-01
8.119635050969663537e-01
8.026916861363903033e-01
7.985556790613517197e-01
7.933435578947118927e-01
7.890689487221623777e-01
7.918247676576001259e-01
7.842979753552901112e-01
7.919155585017556565e-01
7.877725035139432341e-01
8.256983576736683927e-01
8.141893793114975963e-01
8.286011774512793693e-01
7.590693535844551532e-01
8.250339957914832878e-01
8.272395111607746543e-01
0.000000000000000000e+00
0.000000000000000000e+00
0.000000000000000000e+00
0.000000000000000000e+00
0.000000000000000000e+00
0.000000000000000000e+00
0.000000000000000000e+00
0.000000000000000000e+00
0.000000000000000000e+00
0.000000000000000000e+00
0.000000000000000000e+00
0.000000000000000000e+00
0.000000000000000000e+00
0.000000000000000000e+00
0.000000000000000000e+00
0.000000000000000000e+00
0.000000000000000000e+00
0.000000000000000000e+00
0.000000000000000000e+00
0.000000000000000000e+00
0.000000000000000000e+00
0.000000000000000000e+00
0.000000000000000000e+00
0.000000000000000000e+00
0.000000000000000000e+00
0.000000000000000000e+00
0.000000000000000000e+00
0.000000000000000000e+00
