0.000000000000000000e+00
0.000000000000000000e+00
0.000000000000000000e+00
0.000000000000000000e+00
0.000000000000000000e+00
0.000000000000000000e+00
0.000000000000000000e+00
0.000000000000000000e+00
0.000000000000000000e+00
0.000000000000000000e+00
0.000000000000000000e+00
0.000000000000000000e+00
0.000000000000000000e+00
0.000000000000000000e+00
0.000000000000000000e+00
0.000000000000000000e+00
0.000000000000000000e+00
0.000000000000000000e+00
0.000000000000000000e+00
0.000000000000000000e+00
0.000000000000000000e+00
0.000000000000000000e+00
0.000000000000000000e+00
1.000000000000000000e+00
9.383505103738618569e-01
9.465025196653856776e-01
9.497538299688730312e-01
9.468849291260936774e-01
9.293291453119288947e-01
9.692297849592960146e-01
9.604104814272091950e-01
9.645466111849634316e-01
9.525841031385474666e-01
9.369522729020806073e-01
9.490317651951578615e-01
9.274934951243708481e-01
8.932627639813077725e-01
8.908149325701153476e-01
8.745635726945145683e-01
8.495859886768736269e-01
8.285658973623887258e-01
8.215917661828545659e-01
7.986860677573778267e-01
7.938367903149882165e-01
7.805433435332482794e-01
7.771107052544008464e-01
7.798167460059838296e-01
7.658100131613121420e-01
7.780982023331601827e-01
7.659132225152862627e-01
7.662483038629249732e-01
7.594211697664096095e-01
7.381749467212159743e-01
7.316770225253679261e-01
7.239170599440336584e-01
7.149801770033902271e-01
7.215779154112036409e-01
7.201356236126578159e-01
7.213590688049115185e-01
7.050472484255864147e-01
6.961715340334724278e-01
6.976079725969471790e-01
7.001208754070764595e-01
7.010126662385487428e-01
7.096482672788716473e-01
7.204880797611702414e-01
7.390361934329963134e-01
7.635677846673571967e-01
7.717614155876683091e-01
7.668425133043066388e-01
7.841347643078724339e-01
7.917872410231059366e-01
0.000000000000000000e+00
0.000000000000000000e+00
0.000000000000000000e+00
0.000000000000000000e+00
0.000000000000000000e+00
0.000000000000000000e+00
0.000000000000000000e+00
0.000000000000000000e+00
0.000000000000000000e+00
0.000000000000000000e+00
0.000000000000000000e+00
0.000000000000000000e+00
0.000000000000000000e+00
0.000000000000000000e+00
0.000000000000000000e+00
0.000000000000000000e+00
0.000000000000000000e+00
0.000000000000000000e+00
0.000000000000000000e+00
0.000000000000000000e+00
0.000000000000000000e+00
0.000000000000000000e+00
0.000000000000000000e+00
0.000000000000000000e+00
0.000000000000000000e+00
0.000000000000000000e+00
0.000000000000000000e+00
0.000000000000000000e+00
0.000000000000000000e+00
