0.000000000000000000e+00
0.000000000000000000e+00
0.000000000000000000e+00
0.000000000000000000e+00
0.000000000000000000e+00
0.000000000000000000e+00
0.000000000000000000e+00
0.000000000000000000e+00
0.000000000000000000e+00
0.000000000000000000e+00
0.000000000000000000e+00
0.000000000000000000e+00
0.000000000000000000e+00
0.000000000000000000e+00
0.000000000000000000e+00
0.000000000000000000e+00
0.000000000000000000e+00
0.000000000000000000e+00
0.000000000000000000e+00
0.000000000000000000e+00
0.000000000000000000e+00
0.000000000000000000e+00
8.487903338361130201e-01
7.988592666396550079e-01
8.137621622209824102e-01
8.142638956216639023e-01
8.478942762546469725e-01
8.471420817955760407e-01
8.807525090579537697e-01
8.840506308350679632e-01
9.175842357485287648e-01
9.190128495656201268e-01
9.201901225070947543e-01
9.507265828037199107e-01
9.301871615774719437e-01
9.404635686436079167e-01
9.227853783038688640e-01
9.225072032838101954e-01
9.146245393571401650e-01
9.140373434064343883e-01
9.161654762056180568e-01
9.029499052227901723e-01
8.980517211860213900e-01
9.033881432494513808e-01
9.149336660365448015e-01
9.129149482127822957e-01
9.026878902465537147e-01
9.225711349752167001e-01
9.135498891218207795e-01
9.198101175893801384e-01
9.168395489697298562e-01
9.246749503095375022e-01
8.973671083861076703e-01
9.169515023073755433e-01
8.967467560374120517e-01
9.016713673486932423e-01
8.900078162520765890e-01
9.006211579110906529e-01
8.908100388140202108e-01
8.942230859088361461e-01
8.679468653590649563e-01
8.837455753178778961e-01
8.682824939949975729e-01
8.908246780392730102e-01
8.911778078188099528e-01
9.053081162810910909e-01
9.190718523597621870e-01
9.836915946160048607e-01
9.663207069869570454e-01
1.000000000000000000e+00
8.937068344422363086e-01
9.747381184409650290e-01
9.534707607678547525e-01
0.000000000000000000e+00
0.000000000000000000e+00
0.000000000000000000e+00
0.000000000000000000e+00
0.000000000000000000e+00
0.000000000000000000e+00
0.000000000000000000e+00
0.000000000000000000e+00
0.000000000000000000e+00
0.000000000000000000e+00
0.000000000000000000e+00
0.000000000000000000e+00
0.000000000000000000e+00
0.000000000000000000e+00
0.000000000000000000e+00
0.000000000000000000e+00
0.000000000000000000e+00
0.000000000000000000e+00
0.000000000000000000e+00
0.000000000000000000e+00
0.000000000000000000e+00
0.000000000000000000e+00
0.000000000000000000e+00
0.000000000000000000e+00
0.000000000000000000e+00
0.000000000000000000e+00
0.000000000000000000e+00
0.000000000000000000e+00
