0.000000000000000000e+00
0.000000000000000000e+00
0.000000000000000000e+00
0.000000000000000000e+00
0.000000000000000000e+00
0.000000000000000000e+00
0.000000000000000000e+00
0.000000000000000000e+00
0.000000000000000000e+00
0.000000000000000000e+00
0.000000000000000000e+00
0.000000000000000000e+00
0.000000000000000000e+00
0.000000000000000000e+00
0.000000000000000000e+00
0.000000000000000000e+00
0.000000000000000000e+00
0.000000000000000000e+00
0.000000000000000000e+00
0.000000000000000000e+00
0.000000000000000000e+00
0.000000000000000000e+00
0.000000000000000000e+00
6.303710719575157384e-01
6.423338864411612947e-01
6.326029036725256960e-01
6.722746139351040151e-01
7.137599419741899043e-01
7.569283072974070103e-01
7.862519409164429041e-01
8.267393652616205069e-01
8.303062898036636108e-01
8.524315177444643510e-01
8.981962126963310977e-01
9.261630915570381317e-01
9.358446642902119583e-01
9.523549843182287367e-01
9.493906650177141859e-01
9.513390267073540407e-01
9.376544212145913049e-01
9.338567260295334016e-01
9.081333210901743058e-01
8.993192401995896423e-01
9.047912274747048622e-01
9.065531736573703148e-01
9.049290462947062741e-01
8.915526785859092529e-01
8.998167408717312465e-01
8.963526609673454493e-01
8.910303300213617828e-01
8.861509926635541268e-01
8.943469268225313629e-01
8.846977870778364172e-01
8.770229926695765066e-01
8.633116152703090851e-01
8.751364275766010392e-01
8.720813490272336654e-01
8.740415257519695835e-01
8.765189924259715326e-01
8.544602301813256640e-01
8.324195697297317453e-01
8.379862033617693218e-01
8.476058366017734658e-01
8.566826507182556671e-01
8.571773603584282863e-01
8.939160724963642890e-01
9.063770462583378151e-01
9.568364367377566460e-01
9.895564381494446060e-01
9.577637622031358600e-01
9.795868167228781731e-01
1.000000000000000000e+00
0.000000000000000000e+00
0.000000000000000000e+00
0.000000000000000000e+00
0.000000000000000000e+00
0.000000000000000000e+00
0.000000000000000000e+00
0.000000000000000000e+00
0.000000000000000000e+00
0.000000000000000000e+00
0.000000000000000000e+00
0.000000000000000000e+00
0.000000000000000000e+00
0.000000000000000000e+00
0.000000000000000000e+00
0.000000000000000000e+00
0.000000000000000000e+00
0.000000000000000000e+00
0.000000000000000000e+00
0.000000000000000000e+00
0.000000000000000000e+00
0.000000000000000000e+00
0.000000000000000000e+00
0.000000000000000000e+00
0.000000000000000000e+00
0.000000000000000000e+00
0.000000000000000000e+00
0.000000000000000000e+00
0.000000000000000000e+00
0.000000000000000000e+00
