0.000000000000000000e+00
0.000000000000000000e+00
0.000000000000000000e+00
0.000000000000000000e+00
0.000000000000000000e+00
0.000000000000000000e+00
0.000000000000000000e+00
0.000000000000000000e+00
0.000000000000000000e+00
0.000000000000000000e+00
0.000000000000000000e+00
0.000000000000000000e+00
0.000000000000000000e+00
0.000000000000000000e+00
0.000000000000000000e+00
0.000000000000000000e+00
0.000000000000000000e+00
0.000000000000000000e+00
0.000000000000000000e+00
0.000000000000000000e+00
0.000000000000000000e+00
0.000000000000000000e+00
0.000000000000000000e+00
7.148546761297294161e-01
7.489880130595154561e-01
7.635676678810489060e-01
8.129923916843012632e-01
8.386130159441996801e-01
8.988059836677056991e-01
9.218401004371041818e-01
9.436162568664768768e-01
9.409399291777098551e-01
9.563058244351537729e-01
9.676910405454022257e-01
1.000000000000000000e+00
9.849545126507343040e-01
9.677919276779446411e-01
9.683569584383513451e-01
9.579706055327389391e-01
9.330815815975531669e-01
9.070604520667933102e-01
8.894212998188192332e-01
8.782514785588347861e-01
8.793399179408932786e-01
8.656408388382612618e-01
8.646289958402357811e-01
8.495596547387503916e-01
8.466271522100320412e-01
8.516767848880426595e-01
8.455107383179035763e-01
8.369021581400430954e-01
8.384164513527472273e-01
8.293493848405193436e-01
8.288050346024978809e-01
8.184400316938352793e-01
8.205793239832410713e-01
8.119192970468304127e-01
8.183545344938645272e-01
8.225338286877494909e-01
7.930914305021876665e-01
7.730955341474807785e-01
7.764017958403909292e-01
7.852344291355256578e-01
7.989395120572492237e-01
8.043722615367284723e-01
8.376199126928981498e-01
8.510629131105499345e-01
8.900529368709076961e-01
9.279761572285439852e-01
8.887424162732241451e-01
9.071033134676340648e-01
9.504031632254508200e-01
0.000000000000000000e+00
0.000000000000000000e+00
0.000000000000000000e+00
0.000000000000000000e+00
0.000000000000000000e+00
0.000000000000000000e+00
0.000000000000000000e+00
0.000000000000000000e+00
0.000000000000000000e+00
0.000000000000000000e+00
0.000000000000000000e+00
0.000000000000000000e+00
0.000000000000000000e+00
0.000000000000000000e+00
0.000000000000000000e+00
0.000000000000000000e+00
0.000000000000000000e+00
0.000000000000000000e+00
0.000000000000000000e+00
0.000000000000000000e+00
0.000000000000000000e+00
0.000000000000000000e+00
0.000000000000000000e+00
0.000000000000000000e+00
0.000000000000000000e+00
0.000000000000000000e+00
0.000000000000000000e+00
0.000000000000000000e+00
0.000000000000000000e+00
