0.000000000000000000e+00
0.000000000000000000e+00
0.000000000000000000e+00
0.000000000000000000e+00
0.000000000000000000e+00
0.000000000000000000e+00
0.000000000000000000e+00
0.000000000000000000e+00
0.000000000000000000e+00
0.000000000000000000e+00
0.000000000000000000e+00
0.000000000000000000e+00
0.000000000000000000e+00
0.000000000000000000e+00
0.000000000000000000e+00
0.000000000000000000e+00
0.000000000000000000e+00
0.000000000000000000e+00
0.000000000000000000e+00
0.000000000000000000e+00
0.000000000000000000e+00
0.000000000000000000e+00
0.000000000000000000e+00
1.000000000000000000e+00
9.440771515213238763e-01
9.577181120127638003e-01
9.600739473856554351e-01
9.535059218782294677e-01
9.489327328322522126e-01
9.896416500257090298e-01
9.671185624841837081e-01
9.777603268857989471e-01
9.562001615943119814e-01
9.437771939486739869e-01
9.581954712573307331e-01
9.405793698488922328e-01
9.041791361653566117e-01
8.956334427194363457e-01
8.794083620313219996e-01
8.588591642917228208e-01
8.284388466911261073e-01
8.298482790940667764e-01
8.060036831949328739e-01
7.996475608719514350e-01
7.801118754608366013e-01
7.844375265873579917e-01
7.823476871980348246e-01
7.726633819695036820e-01
7.800736748440693091e-01
7.713912212349787190e-01
7.640407062669549720e-01
7.559736819537373753e-01
7.516697020592245648e-01
7.349549557882141260e-01
7.336688284287796735e-01
7.292552551642981218e-01
7.290894171605024621e-01
7.293047582444845967e-01
7.319231515629261997e-01
7.144102753937565664e-01
7.079801843200238531e-01
7.117487506199313696e-01
7.128348269217769095e-01
7.151949144030618211e-01
7.258897598648258453e-01
7.391487205815039374e-01
7.819711021482479429e-01
7.805082477978755318e-01
7.862995573316516884e-01
7.692423783458780528e-01
7.931207258844353847e-01
7.959339602845442174e-01
0.000000000000000000e+00
0.000000000000000000e+00
0.000000000000000000e+00
0.000000000000000000e+00
0.000000000000000000e+00
0.000000000000000000e+00
0.000000000000000000e+00
0.000000000000000000e+00
0.000000000000000000e+00
0.000000000000000000e+00
0.000000000000000000e+00
0.000000000000000000e+00
0.000000000000000000e+00
0.000000000000000000e+00
0.000000000000000000e+00
0.000000000000000000e+00
0.000000000000000000e+00
0.000000000000000000e+00
0.000000000000000000e+00
0.000000000000000000e+00
0.000000000000000000e+00
0.000000000000000000e+00
0.000000000000000000e+00
0.000000000000000000e+00
0.000000000000000000e+00
0.000000000000000000e+00
0.000000000000000000e+00
0.000000000000000000e+00
0.000000000000000000e+00
