0.000000000000000000e+00
0.000000000000000000e+00
0.000000000000000000e+00
0.000000000000000000e+00
0.000000000000000000e+00
0.000000000000000000e+00
0.000000000000000000e+00
0.000000000000000000e+00
0.000000000000000000e+00
0.000000000000000000e+00
0.000000000000000000e+00
0.000000000000000000e+00
0.000000000000000000e+00
0.000000000000000000e+00
0.000000000000000000e+00
0.000000000000000000e+00
0.000000000000000000e+00
0.000000000000000000e+00
0.000000000000000000e+00
0.000000000000000000e+00
0.000000000000000000e+00
0.000000000000000000e+00
8.538332874843393983e-01
8.469900585396921144e-01
8.228816806694754238e-01
8.162781621076031779e-01
8.684375953213030463e-01
8.694057671401853593e-01
9.283187434357168533e-01
9.158734433829858190e-01
9.468487704145676087e-01
9.321169757521398092e-01
9.385697119549342160e-01
9.573697776731674436e-01
9.910997523102519358e-01
9.772828559034826279e-01
9.769364114859577786e-01
9.707753411160703338e-01
9.509499615766868752e-01
9.395247418745195089e-01
9.105238879361859938e-01
9.043251746715856854e-01
8.882631815388090102e-01
8.979385766373444433e-01
8.959296796676079477e-01
9.013780987442284731e-01
8.931201747637741439e-01
9.077645538898895250e-01
9.089092804503929868e-01
9.181469302785724151e-01
9.201689403441315473e-01
9.376606869269136224e-01
9.260034657513911416e-01
9.205247927417069542e-01
9.176125758528275167e-01
9.139915234305525660e-01
9.182115273717222914e-01
9.208827828687532469e-01
9.228102832742757222e-01
8.952306452497094114e-01
8.756364638949803991e-01
8.767827233694037714e-01
8.894681637041157440e-01
8.894226909999319863e-01
8.881688598395858225e-01
9.215022652064420727e-01
9.293644613884158856e-01
9.651158835253746959e-01
9.989897999561834219e-01
9.557399800206544116e-01
9.875894775816412841e-01
1.000000000000000000e+00
0.000000000000000000e+00
0.000000000000000000e+00
0.000000000000000000e+00
0.000000000000000000e+00
0.000000000000000000e+00
0.000000000000000000e+00
0.000000000000000000e+00
0.000000000000000000e+00
0.000000000000000000e+00
0.000000000000000000e+00
0.000000000000000000e+00
0.000000000000000000e+00
0.000000000000000000e+00
0.000000000000000000e+00
0.000000000000000000e+00
0.000000000000000000e+00
0.000000000000000000e+00
0.000000000000000000e+00
0.000000000000000000e+00
0.000000000000000000e+00
0.000000000000000000e+00
0.000000000000000000e+00
0.000000000000000000e+00
0.000000000000000000e+00
0.000000000000000000e+00
0.000000000000000000e+00
0.000000000000000000e+00
0.000000000000000000e+00
0.000000000000000000e+00
