0.000000000000000000e+00
0.000000000000000000e+00
0.000000000000000000e+00
0.000000000000000000e+00
0.000000000000000000e+00
0.000000000000000000e+00
0.000000000000000000e+00
0.000000000000000000e+00
0.000000000000000000e+00
0.000000000000000000e+00
0.000000000000000000e+00
0.000000000000000000e+00
0.000000000000000000e+00
0.000000000000000000e+00
0.000000000000000000e+00
0.000000000000000000e+00
0.000000000000000000e+00
0.000000000000000000e+00
0.000000000000000000e+00
0.000000000000000000e+00
0.000000000000000000e+00
0.000000000000000000e+00
0.000000000000000000e+00
7.559358179469829464e-01
7.669233047160786132e-01
7.843411157715937110e-01
8.398937784341206081e-01
8.608024093096363627e-01
9.133777650511698543e-01
9.331412805373536790e-01
9.663990547339466053e-01
9.584224809422238200e-01
9.738235051608392645e-01
9.815221354747698523e-01
9.995688950343519785e-01
1.000000000000000000e+00
9.757967871893531431e-01
9.779275102911982875e-01
9.679144479855557037e-01
9.498103675138890312e-01
9.261771132737264267e-01
9.025499415596381914e-01
8.817257081945727437e-01
8.814674432824165518e-01
8.764510407823322691e-01
8.643521626394123913e-01
8.558925152958399840e-01
8.554065189375439360e-01
8.548234155490292974e-01
8.504743698960401943e-01
8.446099581785387889e-01
8.448544869273733049e-01
8.413190309245702769e-01
8.273048185709191982e-01
8.264039794819474372e-01
8.236409973173697274e-01
8.174397999783179491e-01
8.268437514194425519e-01
8.238386348871262754e-01
7.950512338116271227e-01
7.748026088965231928e-01
7.773612108917802299e-01
7.865790028657619892e-01
7.997829837317590451e-01
8.064677058401165111e-01
8.446055288767700953e-01
8.549537848436569165e-01
9.005939789362916725e-01
9.435197127713831344e-01
8.949227310180730699e-01
9.200783051264639356e-01
9.362993968498501962e-01
0.000000000000000000e+00
0.000000000000000000e+00
0.000000000000000000e+00
0.000000000000000000e+00
0.000000000000000000e+00
0.000000000000000000e+00
0.000000000000000000e+00
0.000000000000000000e+00
0.000000000000000000e+00
0.000000000000000000e+00
0.000000000000000000e+00
0.000000000000000000e+00
0.000000000000000000e+00
0.000000000000000000e+00
0.000000000000000000e+00
0.000000000000000000e+00
0.000000000000000000e+00
0.000000000000000000e+00
0.000000000000000000e+00
0.000000000000000000e+00
0.000000000000000000e+00
0.000000000000000000e+00
0.000000000000000000e+00
0.000000000000000000e+00
0.000000000000000000e+00
0.000000000000000000e+00
0.000000000000000000e+00
0.000000000000000000e+00
0.000000000000000000e+00
