0.000000000000000000e+00
0.000000000000000000e+00
0.000000000000000000e+00
0.000000000000000000e+00
0.000000000000000000e+00
0.000000000000000000e+00
0.000000000000000000e+00
0.000000000000000000e+00
0.000000000000000000e+00
0.000000000000000000e+00
0.000000000000000000e+00
0.000000000000000000e+00
0.000000000000000000e+00
0.000000000000000000e+00
0.000000000000000000e+00
0.000000000000000000e+00
0.000000000000000000e+00
0.000000000000000000e+00
0.000000000000000000e+00
0.000000000000000000e+00
0.000000000000000000e+00
0.000000000000000000e+00
1.000000000000000000e+00
9.375110036467015906e-01
9.039046549936807784e-01
8.825281860029080550e-01
9.180824395763895751e-01
9.091100359294821409e-01
9.315855969769152312e-01
9.274304775038488824e-01
9.396687570682368262e-01
9.277409276587698095e-01
9.155172234619505245e-01
9.136153464346057351e-01
9.275828385154305522e-01
9.083605989675643810e-01
8.706475184672550771e-01
8.781199552236849115e-01
8.565447771455447779e-01
8.483522501502126500e-01
8.282112629782941715e-01
8.091610270582404452e-01
7.878968020643563053e-01
7.816301768183459009e-01
7.706766501998094654e-01
7.646787910579229131e-01
7.535957526603662693e-01
7.573639923885839842e-01
7.563077417661439039e-01
7.519038660838257560e-01
7.390602013841124363e-01
7.393481014631430037e-01
7.228679075774591123e-01
7.128119969970526659e-01
7.025341689791555488e-01
7.029761128003382264e-01
6.930569792063702161e-01
6.934390193772035360e-01
6.892247596413531019e-01
6.670022692362758132e-01
6.584342518200138050e-01
6.548513229650170242e-01
6.530254692118175885e-01
6.536381030325556507e-01
6.505250379498888069e-01
6.689540231572439488e-01
6.977085358950213534e-01
6.939461774932026428e-01
7.176488541925181153e-01
6.844140595827982176e-01
7.079102032721084070e-01
7.163514613927143282e-01
0.000000000000000000e+00
0.000000000000000000e+00
0.000000000000000000e+00
0.000000000000000000e+00
0.000000000000000000e+00
0.000000000000000000e+00
0.000000000000000000e+00
0.000000000000000000e+00
0.000000000000000000e+00
0.000000000000000000e+00
0.000000000000000000e+00
0.000000000000000000e+00
0.000000000000000000e+00
0.000000000000000000e+00
0.000000000000000000e+00
0.000000000000000000e+00
0.000000000000000000e+00
0.000000000000000000e+00
0.000000000000000000e+00
0.000000000000000000e+00
0.000000000000000000e+00
0.000000000000000000e+00
0.000000000000000000e+00
0.000000000000000000e+00
0.000000000000000000e+00
0.000000000000000000e+00
0.000000000000000000e+00
0.000000000000000000e+00
0.000000000000000000e+00
