0.000000000000000000e+00
0.000000000000000000e+00
0.000000000000000000e+00
0.000000000000000000e+00
0.000000000000000000e+00
0.000000000000000000e+00
0.000000000000000000e+00
0.000000000000000000e+00
0.000000000000000000e+00
0.000000000000000000e+00
0.000000000000000000e+00
0.000000000000000000e+00
0.000000000000000000e+00
0.000000000000000000e+00
0.000000000000000000e+00
0.000000000000000000e+00
0.000000000000000000e+00
0.000000000000000000e+00
0.000000000000000000e+00
0.000000000000000000e+00
0.000000000000000000e+00
9.034637079791912884e-01
9.447982335755665817e-01
1.000000000000000000e+00
9.989726691399855030e-01
9.544179053434241888e-01
9.321033639806383109e-01
9.512624120351274026e-01
9.171294215263429139e-01
9.424382415851099148e-01
9.463610597976064298e-01
9.366594331899601444e-01
9.477150986475481043e-01
9.705337922599849287e-01
9.614606448298093078e-01
9.534539836847825134e-01
9.315490012265508213e-01
9.132956988462632708e-01
8.883949050477464304e-01
9.076819290171888044e-01
8.909395496173342366e-01
8.994585835461723633e-01
8.807848591152409590e-01
9.053613751081357464e-01
8.758170550394360765e-01
8.838844874472886470e-01
8.640085263671056781e-01
8.775355363916796936e-01
8.553511575984624749e-01
8.761155132048613625e-01
8.455091610124199075e-01
8.557704456179393571e-01
8.244152833190064866e-01
8.491503659169510332e-01
8.216410429921233716e-01
8.423508794920483433e-01
8.139925359716888575e-01
8.227843005004882304e-01
8.032513720685383607e-01
8.036846094397569473e-01
8.030388270360045988e-01
8.117360278677987484e-01
8.010206141964341109e-01
8.076619439875399875e-01
8.033382080034441319e-01
8.086824044617565432e-01
8.100100079101399952e-01
8.258321017561268684e-01
8.599888060317881777e-01
8.699600010579052745e-01
8.643264135040794605e-01
9.009996602365304419e-01
8.925968272582144314e-01
0.000000000000000000e+00
0.000000000000000000e+00
0.000000000000000000e+00
0.000000000000000000e+00
0.000000000000000000e+00
0.000000000000000000e+00
0.000000000000000000e+00
0.000000000000000000e+00
0.000000000000000000e+00
0.000000000000000000e+00
0.000000000000000000e+00
0.000000000000000000e+00
0.000000000000000000e+00
0.000000000000000000e+00
0.000000000000000000e+00
0.000000000000000000e+00
0.000000000000000000e+00
0.000000000000000000e+00
0.000000000000000000e+00
0.000000000000000000e+00
0.000000000000000000e+00
0.000000000000000000e+00
0.000000000000000000e+00
0.000000000000000000e+00
0.000000000000000000e+00
0.000000000000000000e+00
0.000000000000000000e+00
0.000000000000000000e+00
