0.000000000000000000e+00
0.000000000000000000e+00
0.000000000000000000e+00
0.000000000000000000e+00
0.000000000000000000e+00
0.000000000000000000e+00
0.000000000000000000e+00
0.000000000000000000e+00
0.000000000000000000e+00
0.000000000000000000e+00
0.000000000000000000e+00
0.000000000000000000e+00
0.000000000000000000e+00
0.000000000000000000e+00
0.000000000000000000e+00
0.000000000000000000e+00
0.000000000000000000e+00
0.000000000000000000e+00
0.000000000000000000e+00
0.000000000000000000e+00
0.000000000000000000e+00
0.000000000000000000e+00
8.044165609252635907e-01
8.116204807660039044e-01
7.966910305277490334e-01
8.231779853208595066e-01
8.767127307265014657e-01
8.812198362242676941e-01
9.027319456128685138e-01
9.174870884886227040e-01
9.321986655727153570e-01
9.416013202209306820e-01
9.483120729953403716e-01
9.517059813606595364e-01
9.346771543298121321e-01
9.441180707185311549e-01
9.175717268818047723e-01
9.169014808136006778e-01
9.166654069016151318e-01
8.984224781975900243e-01
8.944033549927071780e-01
8.978557492131556961e-01
8.891257213197605314e-01
8.971047299779929540e-01
9.056156346772564758e-01
9.087965967590133642e-01
8.964857143021667252e-01
8.976782176617247311e-01
9.015516002036342291e-01
9.034953661160705085e-01
8.941249389130759839e-01
8.930998696672715065e-01
8.884475875621214991e-01
8.963779452197954134e-01
8.807298238083873798e-01
8.914597299039500600e-01
8.944257156910463413e-01
9.131931036408944546e-01
9.053444572412193692e-01
9.000949967633991022e-01
9.094414909794131807e-01
9.123700961633305351e-01
9.076288439216304571e-01
9.206669410787606811e-01
9.207931116361850465e-01
9.260699042422363414e-01
9.291668982985000769e-01
9.731458532270592654e-01
9.716072352136835288e-01
9.940845391965743572e-01
9.173995639267096269e-01
9.873152919547600881e-01
1.000000000000000000e+00
0.000000000000000000e+00
0.000000000000000000e+00
0.000000000000000000e+00
0.000000000000000000e+00
0.000000000000000000e+00
0.000000000000000000e+00
0.000000000000000000e+00
0.000000000000000000e+00
0.000000000000000000e+00
0.000000000000000000e+00
0.000000000000000000e+00
0.000000000000000000e+00
0.000000000000000000e+00
0.000000000000000000e+00
0.000000000000000000e+00
0.000000000000000000e+00
0.000000000000000000e+00
0.000000000000000000e+00
0.000000000000000000e+00
0.000000000000000000e+00
0.000000000000000000e+00
0.000000000000000000e+00
0.000000000000000000e+00
0.000000000000000000e+00
0.000000000000000000e+00
0.000000000000000000e+00
0.000000000000000000e+00
0.000000000000000000e+00
