0.000000000000000000e+00
0.000000000000000000e+00
0.000000000000000000e+00
0.000000000000000000e+00
0.000000000000000000e+00
0.000000000000000000e+00
0.000000000000000000e+00
0.000000000000000000e+00
0.000000000000000000e+00
0.000000000000000000e+00
0.000000000000000000e+00
0.000000000000000000e+00
0.000000000000000000e+00
0.000000000000000000e+00
0.000000000000000000e+00
0.000000000000000000e+00
0.000000000000000000e+00
0.000000000000000000e+00
0.000000000000000000e+00
0.000000000000000000e+00
0.000000000000000000e+00
0.000000000000000000e+00
1.000000000000000000e+00
9.539849059748884974e-01
9.085997086505751552e-01
9.051517723450611674e-01
9.368827921343543252e-01
9.544765481066999069e-01
9.537031561344104791e-01
9.589596340303354616e-01
9.727192951716294722e-01
9.544065265802299525e-01
9.391767289738556235e-01
9.361528860893785220e-01
9.433224947557748985e-01
9.338593454457279064e-01
8.980547963418531454e-01
9.057848248409287040e-01
8.699769374669248378e-01
8.630826981833717992e-01
8.399771377039558784e-01
8.213364003516178125e-01
8.075849831353094643e-01
8.076089735703279038e-01
7.921794999500866297e-01
7.909881145142344527e-01
7.820295793984187727e-01
7.785500219966751123e-01
7.763007493913236523e-01
7.712269409576903989e-01
7.620228537497295562e-01
7.614688935111761925e-01
7.482631085821497274e-01
7.420012136828442184e-01
7.296167602636641769e-01
7.275512429138907278e-01
7.258707060140278111e-01
7.222386070521937818e-01
7.172116519553844993e-01
6.965572183160275710e-01
6.886750448439380445e-01
6.863774131876987372e-01
6.848888747259743726e-01
6.875435645078530333e-01
6.867686816787110793e-01
7.062287082951289596e-01
7.359162336188277420e-01
7.317454284534846698e-01
7.450158322533392274e-01
7.267036008123114454e-01
7.471003256144708171e-01
7.425252394981617377e-01
0.000000000000000000e+00
0.000000000000000000e+00
0.000000000000000000e+00
0.000000000000000000e+00
0.000000000000000000e+00
0.000000000000000000e+00
0.000000000000000000e+00
0.000000000000000000e+00
0.000000000000000000e+00
0.000000000000000000e+00
0.000000000000000000e+00
0.000000000000000000e+00
0.000000000000000000e+00
0.000000000000000000e+00
0.000000000000000000e+00
0.000000000000000000e+00
0.000000000000000000e+00
0.000000000000000000e+00
0.000000000000000000e+00
0.000000000000000000e+00
0.000000000000000000e+00
0.000000000000000000e+00
0.000000000000000000e+00
0.000000000000000000e+00
0.000000000000000000e+00
0.000000000000000000e+00
0.000000000000000000e+00
0.000000000000000000e+00
0.000000000000000000e+00
