0.000000000000000000e+00
0.000000000000000000e+00
0.000000000000000000e+00
0.000000000000000000e+00
0.000000000000000000e+00
0.000000000000000000e+00
0.000000000000000000e+00
0.000000000000000000e+00
0.000000000000000000e+00
0.000000000000000000e+00
0.000000000000000000e+00
0.000000000000000000e+00
0.000000000000000000e+00
0.000000000000000000e+00
0.000000000000000000e+00
0.000000000000000000e+00
0.000000000000000000e+00
0.000000000000000000e+00
0.000000000000000000e+00
0.000000000000000000e+00
0.000000000000000000e+00
0.000000000000000000e+00
4.469297308106007227e-01
4.717879348435454756e-01
4.533428569905957328e-01
4.709317847515649413e-01
4.983543526248914723e-01
5.062818566879113691e-01
5.281029057911568181e-01
5.457408293775587449e-01
5.554714401015211633e-01
5.747032597262462517e-01
5.850410199410562839e-01
6.006987962943508563e-01
6.021044839071887367e-01
6.082645527679318986e-01
6.231900929773200870e-01
6.135716336424429374e-01
6.109842239677992781e-01
6.147572261204589106e-01
6.136721393171484795e-01
6.260985193870750587e-01
6.304056786182777872e-01
6.345488605806450799e-01
6.452177103549306958e-01
6.550446417060286075e-01
6.607100997753881932e-01
6.619045231626028425e-01
6.734628136911762208e-01
6.882940631737762827e-01
6.899759030008555394e-01
7.006139309841480367e-01
7.038220817164786425e-01
7.237402075199146356e-01
7.246880717446189113e-01
7.358866529834113823e-01
7.486883568907171105e-01
7.646902449215418063e-01
7.748017336561604518e-01
7.787251783614003164e-01
7.857984490095787367e-01
7.993691563815007450e-01
8.055153345520739139e-01
8.232968851412215683e-01
8.339099408990738871e-01
8.465817130806884139e-01
8.546073266232387944e-01
9.072941423605400679e-01
9.104420777494682815e-01
9.477015131333570430e-01
8.769714186440327186e-01
9.762819186963301865e-01
1.000000000000000000e+00
0.000000000000000000e+00
0.000000000000000000e+00
0.000000000000000000e+00
0.000000000000000000e+00
0.000000000000000000e+00
0.000000000000000000e+00
0.000000000000000000e+00
0.000000000000000000e+00
0.000000000000000000e+00
0.000000000000000000e+00
0.000000000000000000e+00
0.000000000000000000e+00
0.000000000000000000e+00
0.000000000000000000e+00
0.000000000000000000e+00
0.000000000000000000e+00
0.000000000000000000e+00
0.000000000000000000e+00
0.000000000000000000e+00
0.000000000000000000e+00
0.000000000000000000e+00
0.000000000000000000e+00
0.000000000000000000e+00
0.000000000000000000e+00
0.000000000000000000e+00
0.000000000000000000e+00
0.000000000000000000e+00
0.000000000000000000e+00
