0.000000000000000000e+00
0.000000000000000000e+00
0.000000000000000000e+00
0.000000000000000000e+00
0.000000000000000000e+00
0.000000000000000000e+00
0.000000000000000000e+00
0.000000000000000000e+00
0.000000000000000000e+00
0.000000000000000000e+00
0.000000000000000000e+00
0.000000000000000000e+00
0.000000000000000000e+00
0.000000000000000000e+00
0.000000000000000000e+00
0.000000000000000000e+00
0.000000000000000000e+00
0.000000000000000000e+00
0.000000000000000000e+00
0.000000000000000000e+00
0.000000000000000000e+00
0.000000000000000000e+00
0.000000000000000000e+00
9.899563539613144281e-01
8.607618316431633332e-01
8.900175020741367682e-01
8.837145583768685198e-01
8.849650714452841349e-01
9.047161162079158103e-01
9.270375456286642502e-01
9.386546612529419464e-01
9.650748420092392088e-01
9.418630157256585589e-01
9.342194414043817341e-01
9.834606642357965889e-01
1.000000000000000000e+00
9.651360701630472549e-01
9.521832050464752450e-01
9.288773967495072004e-01
9.271698831988635092e-01
8.957662051960179062e-01
9.032048566814827595e-01
8.933782862399204383e-01
8.844465047009154590e-01
8.909428432309983714e-01
8.857250057062214799e-01
8.794680954076008472e-01
8.942783605425922433e-01
8.916878919910213863e-01
9.082203244155615529e-01
8.993968010246066180e-01
9.181294694704876802e-01
8.884746029478550744e-01
8.970219965371240001e-01
8.811579813168262110e-01
8.921818621370738445e-01
8.896099274783417776e-01
8.985645900187380075e-01
8.924369102033147261e-01
8.853795056586771794e-01
8.784909767043191930e-01
8.927034501809860689e-01
8.931811778127336510e-01
9.198150791118041569e-01
9.365505174393807808e-01
9.430874916833992261e-01
9.561598238256433513e-01
9.458327608760781491e-01
9.677407593269479191e-01
9.501118695739834141e-01
9.433157800583402697e-01
9.993260569305505436e-01
0.000000000000000000e+00
0.000000000000000000e+00
0.000000000000000000e+00
0.000000000000000000e+00
0.000000000000000000e+00
0.000000000000000000e+00
0.000000000000000000e+00
0.000000000000000000e+00
0.000000000000000000e+00
0.000000000000000000e+00
0.000000000000000000e+00
0.000000000000000000e+00
0.000000000000000000e+00
0.000000000000000000e+00
0.000000000000000000e+00
0.000000000000000000e+00
0.000000000000000000e+00
0.000000000000000000e+00
0.000000000000000000e+00
0.000000000000000000e+00
0.000000000000000000e+00
0.000000000000000000e+00
0.000000000000000000e+00
0.000000000000000000e+00
0.000000000000000000e+00
0.000000000000000000e+00
0.000000000000000000e+00
0.000000000000000000e+00
0.000000000000000000e+00
