0.000000000000000000e+00
0.000000000000000000e+00
0.000000000000000000e+00
0.000000000000000000e+00
0.000000000000000000e+00
0.000000000000000000e+00
0.000000000000000000e+00
0.000000000000000000e+00
0.000000000000000000e+00
0.000000000000000000e+00
0.000000000000000000e+00
0.000000000000000000e+00
0.000000000000000000e+00
0.000000000000000000e+00
0.000000000000000000e+00
0.000000000000000000e+00
0.000000000000000000e+00
0.000000000000000000e+00
0.000000000000000000e+00
0.000000000000000000e+00
0.000000000000000000e+00
0.000000000000000000e+00
0.000000000000000000e+00
6.640574517631941953e-01
6.657379263735669905e-01
6.727804062666605800e-01
6.835008879460330311e-01
6.797125459457891150e-01
7.116338263527174357e-01
7.145791693719835136e-01
7.058210330917848996e-01
7.343442070547783196e-01
7.283195403392039857e-01
7.317604643236976791e-01
7.509926429788091884e-01
7.459812362424468324e-01
7.498324974372183593e-01
7.277477925465777320e-01
7.147420187154392979e-01
7.042131782196036083e-01
7.003780060830719911e-01
6.996788642219226029e-01
6.996188091183025426e-01
6.841257514423186858e-01
6.880391099044983472e-01
6.958834443621902954e-01
6.967029856125286358e-01
6.962294347654053306e-01
6.974624726775348060e-01
6.981532477444314377e-01
7.091091045607822441e-01
7.048258354239796963e-01
7.083249165042722062e-01
7.201168821845288504e-01
7.102810399331861424e-01
7.131467426764226403e-01
7.159278380270809317e-01
7.337632650844315707e-01
7.497555876036845479e-01
7.364316790666989299e-01
7.290180243010127015e-01
7.444223902767610479e-01
7.612813206512376585e-01
7.821080115439499325e-01
8.015385083278696587e-01
8.348774041899702514e-01
8.534885541543700826e-01
8.979546436310710256e-01
9.311720962180610739e-01
9.154027920888551106e-01
9.710991961149209040e-01
1.000000000000000000e+00
0.000000000000000000e+00
0.000000000000000000e+00
0.000000000000000000e+00
0.000000000000000000e+00
0.000000000000000000e+00
0.000000000000000000e+00
0.000000000000000000e+00
0.000000000000000000e+00
0.000000000000000000e+00
0.000000000000000000e+00
0.000000000000000000e+00
0.000000000000000000e+00
0.000000000000000000e+00
0.000000000000000000e+00
0.000000000000000000e+00
0.000000000000000000e+00
0.000000000000000000e+00
0.000000000000000000e+00
0.000000000000000000e+00
0.000000000000000000e+00
0.000000000000000000e+00
0.000000000000000000e+00
0.000000000000000000e+00
0.000000000000000000e+00
0.000000000000000000e+00
0.000000000000000000e+00
0.000000000000000000e+00
0.000000000000000000e+00
0.000000000000000000e+00
