0.000000000000000000e+00
0.000000000000000000e+00
0.000000000000000000e+00
0.000000000000000000e+00
0.000000000000000000e+00
0.000000000000000000e+00
0.000000000000000000e+00
0.000000000000000000e+00
0.000000000000000000e+00
0.000000000000000000e+00
0.000000000000000000e+00
0.000000000000000000e+00
0.000000000000000000e+00
0.000000000000000000e+00
0.000000000000000000e+00
0.000000000000000000e+00
0.000000000000000000e+00
0.000000000000000000e+00
0.000000000000000000e+00
0.000000000000000000e+00
0.000000000000000000e+00
0.000000000000000000e+00
0.000000000000000000e+00
7.834698584965720247e-01
7.733884317751562598e-01
7.991153584807657584e-01
8.175814235633315219e-01
8.549248259454448329e-01
9.105460692423026359e-01
9.276903827202365171e-01
9.674884594293100548e-01
9.604477875670992537e-01
9.610759582938617207e-01
9.839635772336354780e-01
1.000000000000000000e+00
9.953112667136575498e-01
9.729503887755203140e-01
9.660901393253458203e-01
9.427480406878026020e-01
9.337274516731808305e-01
9.111287534933394383e-01
8.914168633402301811e-01
8.711295070572194765e-01
8.687020686352145971e-01
8.590187012634266095e-01
8.546072796976510455e-01
8.424242973423020642e-01
8.437173743511137136e-01
8.349749038881820740e-01
8.329004419778719415e-01
8.285596293855284067e-01
8.278030786465268021e-01
8.156777110487809512e-01
8.074789559678755557e-01
7.970178930656810490e-01
8.037976262924175774e-01
7.901962257655569255e-01
7.962784378549365716e-01
8.033227422964220876e-01
7.738972675332335127e-01
7.422897943142728883e-01
7.408553295300343011e-01
7.475722111903768674e-01
7.636761680725335788e-01
7.689537846203107208e-01
8.081296462018078275e-01
8.115298685514656940e-01
8.571187183107807916e-01
8.895989324295713319e-01
8.521110402562768193e-01
8.603791959419313518e-01
9.036936668239475834e-01
0.000000000000000000e+00
0.000000000000000000e+00
0.000000000000000000e+00
0.000000000000000000e+00
0.000000000000000000e+00
0.000000000000000000e+00
0.000000000000000000e+00
0.000000000000000000e+00
0.000000000000000000e+00
0.000000000000000000e+00
0.000000000000000000e+00
0.000000000000000000e+00
0.000000000000000000e+00
0.000000000000000000e+00
0.000000000000000000e+00
0.000000000000000000e+00
0.000000000000000000e+00
0.000000000000000000e+00
0.000000000000000000e+00
0.000000000000000000e+00
0.000000000000000000e+00
0.000000000000000000e+00
0.000000000000000000e+00
0.000000000000000000e+00
0.000000000000000000e+00
0.000000000000000000e+00
0.000000000000000000e+00
0.000000000000000000e+00
0.000000000000000000e+00
