0.000000000000000000e+00
0.000000000000000000e+00
0.000000000000000000e+00
0.000000000000000000e+00
0.000000000000000000e+00
0.000000000000000000e+00
0.000000000000000000e+00
0.000000000000000000e+00
0.000000000000000000e+00
0.000000000000000000e+00
0.000000000000000000e+00
0.000000000000000000e+00
0.000000000000000000e+00
0.000000000000000000e+00
0.000000000000000000e+00
0.000000000000000000e+00
0.000000000000000000e+00
0.000000000000000000e+00
0.000000000000000000e+00
0.000000000000000000e+00
0.000000000000000000e+00
0.000000000000000000e+00
0.000000000000000000e+00
3.019714241029886614e-01
2.944813926237432322e-01
2.964168001033412603e-01
3.042760334118099208e-01
3.238530354079982021e-01
3.340283537014289705e-01
3.534128117474497621e-01
3.604188632576046936e-01
3.704434072532925559e-01
3.801551420999013664e-01
3.919595509063749650e-01
4.245191898061592695e-01
4.422501118335675496e-01
4.482774176577503655e-01
4.611882183571420768e-01
4.666154384334624261e-01
4.700652675453497187e-01
4.644547172779610045e-01
4.643931446799574037e-01
4.782600027341145643e-01
4.845557902220581914e-01
4.915390443122163999e-01
4.985365102317071972e-01
5.153575014970716017e-01
5.271521007665855851e-01
5.380247699507186843e-01
5.601512837280985257e-01
5.708452792830704947e-01
5.980633330554657734e-01
6.064995295160522382e-01
6.222307624000015247e-01
6.349977665673791627e-01
6.516815774586127707e-01
6.639509691939966540e-01
6.951915783438936680e-01
6.986956568627250563e-01
6.831011234501003226e-01
6.847479152310393946e-01
7.013260744658302848e-01
7.242536810386790425e-01
7.458018643584833907e-01
7.576910597312673801e-01
8.116403442913057154e-01
8.283442816977979462e-01
8.496173670327572536e-01
9.388784915054485536e-01
9.208713832801106447e-01
9.461353849746063638e-01
1.000000000000000000e+00
0.000000000000000000e+00
0.000000000000000000e+00
0.000000000000000000e+00
0.000000000000000000e+00
0.000000000000000000e+00
0.000000000000000000e+00
0.000000000000000000e+00
0.000000000000000000e+00
0.000000000000000000e+00
0.000000000000000000e+00
0.000000000000000000e+00
0.000000000000000000e+00
0.000000000000000000e+00
0.000000000000000000e+00
0.000000000000000000e+00
0.000000000000000000e+00
0.000000000000000000e+00
0.000000000000000000e+00
0.000000000000000000e+00
0.000000000000000000e+00
0.000000000000000000e+00
0.000000000000000000e+00
0.000000000000000000e+00
0.000000000000000000e+00
0.000000000000000000e+00
0.000000000000000000e+00
0.000000000000000000e+00
0.000000000000000000e+00
0.000000000000000000e+00
