0.000000000000000000e+00
0.000000000000000000e+00
0.000000000000000000e+00
0.000000000000000000e+00
0.000000000000000000e+00
0.000000000000000000e+00
0.000000000000000000e+00
0.000000000000000000e+00
0.000000000000000000e+00
0.000000000000000000e+00
0.000000000000000000e+00
0.000000000000000000e+00
0.000000000000000000e+00
0.000000000000000000e+00
0.000000000000000000e+00
0.000000000000000000e+00
0.000000000000000000e+00
0.000000000000000000e+00
0.000000000000000000e+00
0.000000000000000000e+00
0.000000000000000000e+00
9.675970937451336962e-01
1.000000000000000000e+00
9.480215111132352934e-01
9.384268077559082544e-01
9.511980522808569649e-01
9.590072305070966863e-01
9.685596936408301660e-01
9.477552817903617255e-01
9.584697494891194491e-01
9.488345976815227845e-01
9.370651554397928518e-01
8.923333286154926380e-01
9.043577610517181675e-01
8.721797682125740359e-01
8.555485925590256002e-01
8.391929068105966616e-01
8.322143743866317056e-01
7.962232672360720631e-01
8.031187948814296762e-01
7.676793406418768173e-01
7.628358155933282481e-01
7.323779818964295529e-01
7.351043072863574501e-01
6.996728645486094411e-01
6.957913303412636141e-01
6.664877986237205398e-01
6.693007459009562288e-01
6.464794678589061983e-01
6.496364377316100613e-01
6.159316437878703532e-01
6.216210843161418254e-01
5.956866548166429576e-01
6.144265295115158843e-01
5.939834085556126020e-01
5.963667487131275591e-01
6.008030888340804010e-01
5.851087761241009488e-01
5.655847132028316571e-01
5.591815131531308047e-01
5.422663123930536733e-01
5.394564420910964442e-01
5.191078819046215376e-01
5.161711448594177298e-01
5.070063440662890830e-01
5.127442473618785135e-01
4.965448307754832258e-01
5.174540644578496940e-01
4.929229871472191604e-01
5.061469162769485219e-01
4.953084150181556455e-01
5.055059263114394241e-01
4.896552148059811205e-01
0.000000000000000000e+00
0.000000000000000000e+00
0.000000000000000000e+00
0.000000000000000000e+00
0.000000000000000000e+00
0.000000000000000000e+00
0.000000000000000000e+00
0.000000000000000000e+00
0.000000000000000000e+00
0.000000000000000000e+00
0.000000000000000000e+00
0.000000000000000000e+00
0.000000000000000000e+00
0.000000000000000000e+00
0.000000000000000000e+00
0.000000000000000000e+00
0.000000000000000000e+00
0.000000000000000000e+00
0.000000000000000000e+00
0.000000000000000000e+00
0.000000000000000000e+00
0.000000000000000000e+00
0.000000000000000000e+00
0.000000000000000000e+00
0.000000000000000000e+00
0.000000000000000000e+00
0.000000000000000000e+00
0.000000000000000000e+00
