0.000000000000000000e+00
0.000000000000000000e+00
0.000000000000000000e+00
0.000000000000000000e+00
0.000000000000000000e+00
0.000000000000000000e+00
0.000000000000000000e+00
0.000000000000000000e+00
0.000000000000000000e+00
0.000000000000000000e+00
0.000000000000000000e+00
0.000000000000000000e+00
0.000000000000000000e+00
0.000000000000000000e+00
0.000000000000000000e+00
0.000000000000000000e+00
0.000000000000000000e+00
0.000000000000000000e+00
0.000000000000000000e+00
0.000000000000000000e+00
0.000000000000000000e+00
8.667146992531347127e-01
9.073510133771378605e-01
1.000000000000000000e+00
9.967967612036946479e-01
9.647745468041671879e-01
9.299405660914537020e-01
9.184007057246790229e-01
8.983522284971249272e-01
9.093877893453701233e-01
8.964860903417121163e-01
8.899558721368059366e-01
8.953717476647313767e-01
9.142159798547631055e-01
9.057618323027503138e-01
8.996199169404459628e-01
8.698989299221091542e-01
8.531130967062952042e-01
8.323884618067167729e-01
8.503155336671652798e-01
8.325993594292502298e-01
8.388254778002260936e-01
8.222706653659461740e-01
8.298486715670293501e-01
8.062220931038784899e-01
8.161198705006486032e-01
7.949426490266942036e-01
8.158156631492623490e-01
7.932519770594886888e-01
8.086131408028678358e-01
7.794741674076561821e-01
7.930359276677958480e-01
7.606900688858321269e-01
7.869653455750031945e-01
7.587733298465124676e-01
7.775871013348529814e-01
7.522386116887519458e-01
7.620075283996342597e-01
7.431377171787661995e-01
7.452230274243523134e-01
7.402357582865327634e-01
7.487779937089673599e-01
7.338671185567910982e-01
7.444586823854185686e-01
7.415373273455289072e-01
7.485903111176220870e-01
7.510400097107911010e-01
7.642810690060964918e-01
7.987072285848815234e-01
8.022043103958859112e-01
7.951557652186940217e-01
8.340360740607708490e-01
8.327090278999070838e-01
0.000000000000000000e+00
0.000000000000000000e+00
0.000000000000000000e+00
0.000000000000000000e+00
0.000000000000000000e+00
0.000000000000000000e+00
0.000000000000000000e+00
0.000000000000000000e+00
0.000000000000000000e+00
0.000000000000000000e+00
0.000000000000000000e+00
0.000000000000000000e+00
0.000000000000000000e+00
0.000000000000000000e+00
0.000000000000000000e+00
0.000000000000000000e+00
0.000000000000000000e+00
0.000000000000000000e+00
0.000000000000000000e+00
0.000000000000000000e+00
0.000000000000000000e+00
0.000000000000000000e+00
0.000000000000000000e+00
0.000000000000000000e+00
0.000000000000000000e+00
0.000000000000000000e+00
0.000000000000000000e+00
0.000000000000000000e+00
