0.000000000000000000e+00
0.000000000000000000e+00
0.000000000000000000e+00
0.000000000000000000e+00
0.000000000000000000e+00
0.000000000000000000e+00
0.000000000000000000e+00
0.000000000000000000e+00
0.000000000000000000e+00
0.000000000000000000e+00
0.000000000000000000e+00
0.000000000000000000e+00
0.000000000000000000e+00
0.000000000000000000e+00
0.000000000000000000e+00
0.000000000000000000e+00
0.000000000000000000e+00
0.000000000000000000e+00
0.000000000000000000e+00
0.000000000000000000e+00
0.000000000000000000e+00
0.000000000000000000e+00
9.548685563026877432e-01
9.266284940582939500e-01
9.004863025434981516e-01
8.946388070340794973e-01
9.277499676056085720e-01
9.436962970717247545e-01
9.809311029635832124e-01
9.733721390844427557e-01
9.931566484992503385e-01
9.850180138815572972e-01
9.689400319714444043e-01
9.915421329595737188e-01
9.957551483260496106e-01
1.000000000000000000e+00
9.691715898603753265e-01
9.799362823817869828e-01
9.548369694379649220e-01
9.530712542138309873e-01
9.252738661707344825e-01
9.026108191367627764e-01
8.870606816326411792e-01
8.951333455679715279e-01
8.804435170133378952e-01
8.735778451127926836e-01
8.747025806320853913e-01
8.783851006837858355e-01
8.768425800261350211e-01
8.808663355984940324e-01
8.773907410399816031e-01
8.870908661108951598e-01
8.733145383603779788e-01
8.706945546490094667e-01
8.631491269825031232e-01
8.665437906440445204e-01
8.645441648303242577e-01
8.619654338760780465e-01
8.625349688908992007e-01
8.258892615015800409e-01
8.065280993294935419e-01
8.057229349601922053e-01
8.122094110110799070e-01
8.118521166774843589e-01
8.053540159364340756e-01
8.302985247017558024e-01
8.335353515603528551e-01
8.644601219147821647e-01
8.911516675239576912e-01
8.515976958998386914e-01
8.905267611850131715e-01
8.997002827961917415e-01
0.000000000000000000e+00
0.000000000000000000e+00
0.000000000000000000e+00
0.000000000000000000e+00
0.000000000000000000e+00
0.000000000000000000e+00
0.000000000000000000e+00
0.000000000000000000e+00
0.000000000000000000e+00
0.000000000000000000e+00
0.000000000000000000e+00
0.000000000000000000e+00
0.000000000000000000e+00
0.000000000000000000e+00
0.000000000000000000e+00
0.000000000000000000e+00
0.000000000000000000e+00
0.000000000000000000e+00
0.000000000000000000e+00
0.000000000000000000e+00
0.000000000000000000e+00
0.000000000000000000e+00
0.000000000000000000e+00
0.000000000000000000e+00
0.000000000000000000e+00
0.000000000000000000e+00
0.000000000000000000e+00
0.000000000000000000e+00
0.000000000000000000e+00
