name	taxonomy_id	taxonomy_lvl	kraken_assigned_reads	added_reads	new_est_reads	fraction_total_reads	Bracken_estimate	GuaCAMOLE_estimate	GuaCAMOLE_est_eff	GC content	Taxon Removal Cycle
Blautia producta	33035	S	1406448	1435976	2842424	0.16245	0.04635	0.04584	0.04543	47	nan
Enterocloster clostridioformis	1531	S	983386	1014660	1998046	0.11419	0.03694	0.03670	0.03675	51	nan
Enterocloster bolteae	208479	S	16393	16721	33114	0.00189	0.00053	0.00000	0.00052	51	4.0
Enterocloster asparagiformis	333367	S	628	630	1258	0.00007	0.00002	0.00000	0.00002	59	0.0
Agathobacter rectalis	39491	S	711075	759517	1470592	0.08405	0.04692	0.04563	0.04502	44	nan
[Clostridium] hylemonae	89153	S	3642	3735	7377	0.00042	0.00019	0.00000	0.00019	50	5.0
Roseburia hominis	301301	S	1987	2121	4108	0.00023	0.00012	0.00013	0.00012	51	nan
Roseburia intestinalis	166486	S	609	726	1335	0.00008	0.00003	0.00000	0.00003	43	4.0
Wansuia hejianensis	2763667	S	1270	1285	2555	0.00015	0.00007	0.00000	0.00007	52	4.0
[Ruminococcus] gnavus	33038	S	858	1414	2272	0.00013	0.00008	0.00000	0.00008	45	4.0
Flavonifractor plautii	292800	S	901779	919961	1821740	0.10412	0.04565	0.04591	0.04876	64	nan
Faecalibacterium duncaniae	411483	S	470401	763928	1234329	0.07055	0.05230	0.05350	0.05358	60	nan
Faecalibacterium prausnitzii	853	S	5196	6276	11472	0.00066	0.00043	0.00051	0.00044	61	nan
Faecalibacterium sp. I3-3-89	2929493	S	646	980	1626	0.00009	0.00007	0.00000	0.00007	61	5.0
Anaerotruncus colihominis	169435	S	891	949	1840	0.00011	0.00005	0.00000	0.00006	55	4.0
Subdoligranulum variabile	214851	S	555	569	1124	0.00006	0.00004	0.00000	0.00004	62	4.0
Clostridioides difficile	1496	S	9572	9964	19536	0.00112	0.00048	0.00000	0.00048	28	0.0
Clostridium botulinum	1491	S	2711	4150	6861	0.00039	0.00022	0.00000	0.00022	28	0.0
Hungatella hathewayi	154046	S	1215	1264	2479	0.00014	0.00004	0.00000	0.00004	49	5.0
Bacillus subtilis	1423	S	24130	1115878	1140008	0.06515	0.05452	0.05374	0.05282	44	nan
Bacillus vallismortis	72361	S	2250	2308	4558	0.00026	0.00011	0.00011	0.00011	45	nan
Bacillus inaquosorum	483913	S	1903	2036	3939	0.00023	0.00010	0.00010	0.00009	44	nan
Bacillus spizizenii	96241	S	1548	3776	5324	0.00030	0.00019	0.00019	0.00018	45	nan
Bacillus velezensis	492670	S	955	8448	9403	0.00054	0.00043	0.00043	0.00041	44	nan
Bacillus halotolerans	260554	S	644	1266	1910	0.00011	0.00006	0.00006	0.00006	44	nan
Bacillus mojavensis	72360	S	506	565	1071	0.00006	0.00003	0.00003	0.00003	44	nan
Bacillus tequilensis	227866	S	1050	1088	2138	0.00012	0.00005	0.00005	0.00005	44	nan
Bacillus atrophaeus	1452	S	740	811	1551	0.00009	0.00004	0.00004	0.00004	45	nan
Bacillus stercoris	2054641	S	585	1699	2284	0.00013	0.00008	0.00008	0.00008	44	nan
Bacillus cabrialesii	2487276	S	1001	1068	2069	0.00012	0.00005	0.00005	0.00005	45	nan
Bacillus rugosus	2715209	S	920	1012	1932	0.00011	0.00005	0.00005	0.00005	44	nan
Staphylococcus epidermidis	1282	S	591616	635585	1227201	0.07014	0.05029	0.04808	0.04645	32	nan
Staphylococcus aureus	1280	S	600	2471	3071	0.00018	0.00018	0.00000	0.00016	32	5.0
Streptococcus mutans	1309	S	521324	535058	1056382	0.06037	0.05278	0.04902	0.04895	37	nan
Lactobacillus delbrueckii	1584	S	515603	521815	1037418	0.05929	0.05417	0.05437	0.05418	53	nan
Megamonas funiformis	437897	S	640694	642369	1283063	0.07333	0.05325	0.04931	0.05055	32	nan
Megasphaera elsdenii	907	S	631117	635525	1266642	0.07239	0.05128	0.05255	0.05190	56	nan
Longicatena caecimuris	1796635	S	740	795	1535	0.00009	0.00005	0.00000	0.00005	38	4.0
[Clostridium] innocuum	1522	S	750	776	1526	0.00009	0.00003	0.00000	0.00003	46	4.0
Bifidobacterium longum	216816	S	975436	1235139	2210575	0.12634	0.09483	0.09958	0.09867	62	nan
Bifidobacterium breve	1685	S	854	1451	2305	0.00013	0.00013	0.00014	0.00013	60	nan
Cutibacterium acnes	1747	S	529773	536684	1066457	0.06095	0.04326	0.04632	0.04506	60	nan
Mycobacterium canettii	78331	S	5702	5719	11421	0.00065	0.00026	0.00000	0.00029	65	5.0
Collinsella aerofaciens	74426	S	645156	647527	1292683	0.07388	0.05417	0.05766	0.05712	61	nan
Pseudomonas putida	303	S	1526899	1621784	3148683	0.17996	0.05918	0.05763	0.06145	64	nan
Escherichia coli	562	S	67096	1083360	1150456	0.06575	0.04506	0.04590	0.04526	53	nan
Escherichia albertii	208962	S	2039	2548	4587	0.00026	0.00011	0.00011	0.00011	52	nan
Escherichia fergusonii	564	S	1231	2186	3417	0.00020	0.00010	0.00010	0.00010	52	nan
Escherichia marmotae	1499973	S	1168	1400	2568	0.00015	0.00006	0.00006	0.00006	52	nan
Escherichia sp. E4742	2044467	S	726	1028	1754	0.00010	0.00004	0.00004	0.00004	52	nan
Shigella flexneri	623	S	1171	28252	29423	0.00168	0.00123	0.00125	0.00123	53	nan
Shigella dysenteriae	622	S	1004	5348	6352	0.00036	0.00024	0.00024	0.00024	53	nan
Shigella boydii	621	S	545	6386	6931	0.00040	0.00028	0.00029	0.00028	53	nan
Klebsiella pneumoniae	573	S	600	3075	3675	0.00021	0.00012	0.00000	0.00012	55	5.0
Salmonella enterica	28901	S	936	8661	9597	0.00055	0.00037	0.00039	0.00037	53	nan
Bacteroides uniformis	820	S	836141	1347008	2183149	0.12477	0.05564	0.05564	0.05462	49	nan
Parabacteroides distasonis	823	S	635714	1241948	1877662	0.10731	0.04859	0.04817	0.04744	47	nan
Akkermansia muciniphila	239935	S	644025	649000	1293025	0.07390	0.04767	0.05005	0.04888	57	nan
Campylobacter jejuni	197	S	2144	2993	5137	0.00029	0.00036	0.00000	0.00034	30	0.0
Homo sapiens	9606	S	5953	6339	12292	0.00070	0.00005	0.00000	0.00004	37	0.0
