name	taxonomy_id	taxonomy_lvl	kraken_assigned_reads	added_reads	new_est_reads	fraction_total_reads	Bracken_estimate	GuaCAMOLE_estimate	GuaCAMOLE_est_eff	GC content	Taxon Removal Cycle
Blautia producta	33035	S	1332042	1359278	2691320	0.16193	0.04620	0.04607	0.04565	47	nan
Enterocloster clostridioformis	1531	S	930514	959565	1890079	0.11372	0.03678	0.03682	0.03685	51	nan
Enterocloster bolteae	208479	S	15379	15681	31060	0.00187	0.00052	0.00000	0.00052	51	4.0
Enterocloster asparagiformis	333367	S	605	607	1212	0.00007	0.00002	0.00000	0.00002	59	4.0
Agathobacter rectalis	39491	S	671933	717120	1389053	0.08357	0.04667	0.04573	0.04514	44	nan
[Clostridium] hylemonae	89153	S	3429	3516	6945	0.00042	0.00019	0.00000	0.00019	50	4.0
Roseburia hominis	301301	S	2036	2173	4209	0.00025	0.00013	0.00015	0.00013	51	nan
Roseburia intestinalis	166486	S	598	721	1319	0.00008	0.00004	0.00000	0.00004	43	4.0
[Ruminococcus] gnavus	33038	S	863	1497	2360	0.00014	0.00009	0.00000	0.00009	45	4.0
Wansuia hejianensis	2763667	S	1240	1254	2494	0.00015	0.00007	0.00000	0.00007	52	4.0
Chordicoccus furentiruminis	2709410	S	512	514	1026	0.00006	0.00003	0.00000	0.00003	60	4.0
Flavonifractor plautii	292800	S	861961	878973	1740934	0.10474	0.04593	0.04572	0.04850	64	nan
Faecalibacterium duncaniae	411483	S	454712	728406	1183118	0.07118	0.05251	0.05328	0.05350	60	nan
Faecalibacterium prausnitzii	853	S	4997	6005	11002	0.00066	0.00043	0.00000	0.00044	61	5.0
Faecalibacterium sp. I3-3-89	2929493	S	606	883	1489	0.00009	0.00007	0.00000	0.00007	61	5.0
Anaerotruncus colihominis	169435	S	860	915	1775	0.00011	0.00006	0.00000	0.00006	55	4.0
Subdoligranulum variabile	214851	S	536	550	1086	0.00007	0.00004	0.00000	0.00004	62	4.0
Clostridioides difficile	1496	S	9222	9514	18736	0.00113	0.00049	0.00000	0.00049	28	0.0
Clostridium botulinum	1491	S	2280	3768	6048	0.00036	0.00021	0.00000	0.00022	28	0.0
Hungatella hathewayi	154046	S	1177	1224	2401	0.00014	0.00004	0.00000	0.00004	49	5.0
Bacillus subtilis	1423	S	21834	1054636	1076470	0.06477	0.05429	0.05396	0.05304	44	nan
Bacillus vallismortis	72361	S	2214	2274	4488	0.00027	0.00012	0.00012	0.00011	45	nan
Bacillus inaquosorum	483913	S	1726	1854	3580	0.00022	0.00009	0.00009	0.00009	44	nan
Bacillus spizizenii	96241	S	1363	2585	3948	0.00024	0.00014	0.00014	0.00013	45	nan
Bacillus velezensis	492670	S	839	8550	9389	0.00056	0.00046	0.00046	0.00045	44	nan
Bacillus halotolerans	260554	S	675	1422	2097	0.00013	0.00007	0.00007	0.00007	44	nan
Bacillus tequilensis	227866	S	1008	1047	2055	0.00012	0.00006	0.00005	0.00005	44	nan
Bacillus atrophaeus	1452	S	768	825	1593	0.00010	0.00004	0.00004	0.00004	45	nan
Bacillus stercoris	2054641	S	591	1818	2409	0.00014	0.00009	0.00009	0.00009	44	nan
Bacillus cabrialesii	2487276	S	966	1037	2003	0.00012	0.00005	0.00005	0.00005	45	nan
Bacillus rugosus	2715209	S	837	929	1766	0.00011	0.00005	0.00005	0.00005	44	nan
Staphylococcus epidermidis	1282	S	558321	600806	1159127	0.06974	0.04999	0.04815	0.04657	32	nan
Staphylococcus aureus	1280	S	644	3026	3670	0.00022	0.00023	0.00000	0.00021	32	5.0
Streptococcus mutans	1309	S	493637	505790	999427	0.06013	0.05254	0.04917	0.04922	37	nan
Lactobacillus delbrueckii	1584	S	485247	490878	976125	0.05873	0.05366	0.05433	0.05402	53	nan
Megamonas funiformis	437897	S	605188	606700	1211888	0.07291	0.05296	0.04917	0.05069	32	nan
Megasphaera elsdenii	907	S	595518	599599	1195117	0.07191	0.05096	0.05233	0.05165	56	nan
Longicatena caecimuris	1796635	S	703	754	1457	0.00009	0.00005	0.00000	0.00005	38	4.0
[Clostridium] innocuum	1522	S	629	651	1280	0.00008	0.00003	0.00000	0.00003	46	3.0
Bifidobacterium longum	216816	S	942317	1183351	2125668	0.12789	0.09574	0.09997	0.09842	62	nan
Bifidobacterium breve	1685	S	752	1566	2318	0.00014	0.00015	0.00015	0.00015	60	nan
Cutibacterium acnes	1747	S	505527	511804	1017331	0.06121	0.04342	0.04573	0.04469	60	nan
Mycobacterium canettii	78331	S	1292	1300	2592	0.00016	0.00006	0.00000	0.00007	65	0.0
Collinsella aerofaciens	74426	S	619113	621361	1240474	0.07463	0.05473	0.05769	0.05701	61	nan
Pseudomonas putida	303	S	1465932	1555819	3021751	0.18181	0.05977	0.05726	0.06098	64	nan
Escherichia coli	562	S	63412	1026372	1089784	0.06557	0.04456	0.04560	0.04502	53	nan
Escherichia albertii	208962	S	1928	2526	4454	0.00027	0.00011	0.00011	0.00011	52	nan
Escherichia fergusonii	564	S	1209	2320	3529	0.00021	0.00011	0.00011	0.00011	52	nan
Escherichia marmotae	1499973	S	1089	1336	2425	0.00015	0.00006	0.00006	0.00006	52	nan
Escherichia sp. E4742	2044467	S	717	1010	1727	0.00010	0.00004	0.00004	0.00004	52	nan
Shigella flexneri	623	S	1124	31234	32358	0.00195	0.00143	0.00146	0.00144	53	nan
Shigella dysenteriae	622	S	888	4803	5691	0.00034	0.00022	0.00023	0.00022	53	nan
Shigella boydii	621	S	544	6865	7409	0.00045	0.00032	0.00033	0.00032	53	nan
Klebsiella pneumoniae	573	S	568	4072	4640	0.00028	0.00016	0.00000	0.00017	54	5.0
Salmonella enterica	28901	S	928	7859	8787	0.00053	0.00035	0.00038	0.00035	53	nan
Bacteroides uniformis	820	S	797432	1275953	2073385	0.12475	0.05550	0.05603	0.05492	49	nan
Parabacteroides distasonis	823	S	609156	1176940	1786096	0.10746	0.04849	0.04844	0.04772	47	nan
Akkermansia muciniphila	239935	S	614550	619311	1233861	0.07424	0.04800	0.05038	0.04912	57	nan
Campylobacter jejuni	197	S	2039	2815	4854	0.00029	0.00036	0.00000	0.00034	30	0.0
Homo sapiens	9606	S	4451	4702	9153	0.00055	0.00004	0.00000	0.00004	37	0.0
