0.000000000000000000e+00
0.000000000000000000e+00
0.000000000000000000e+00
0.000000000000000000e+00
0.000000000000000000e+00
0.000000000000000000e+00
0.000000000000000000e+00
0.000000000000000000e+00
0.000000000000000000e+00
0.000000000000000000e+00
0.000000000000000000e+00
0.000000000000000000e+00
0.000000000000000000e+00
0.000000000000000000e+00
0.000000000000000000e+00
0.000000000000000000e+00
0.000000000000000000e+00
0.000000000000000000e+00
0.000000000000000000e+00
0.000000000000000000e+00
0.000000000000000000e+00
0.000000000000000000e+00
0.000000000000000000e+00
0.000000000000000000e+00
1.848472930090497179e+00
1.845211738816286307e+00
1.837290564135448223e+00
1.778583756693117301e+00
1.761775112800660015e+00
1.717741164704179591e+00
1.711566510571367328e+00
1.655142809828146211e+00
1.643746878898888486e+00
1.583212813919961715e+00
1.562130386496924039e+00
1.552934212738923625e+00
1.492626273046662844e+00
1.438797768385742470e+00
1.435617499727323221e+00
1.416798094247517570e+00
1.378105281374073510e+00
1.347607764870617730e+00
1.293499035865175451e+00
1.266004372133548328e+00
1.236851217724483698e+00
1.201618090754851709e+00
1.170895816355193908e+00
1.121907393920381413e+00
1.091160248653229026e+00
1.061321364995301941e+00
1.026013779903586887e+00
9.807912493612902516e-01
9.640013158588409681e-01
9.238345890385146753e-01
8.985705634128818842e-01
8.553876802020394798e-01
8.305760427003404667e-01
7.952795396787099014e-01
7.591268788163987313e-01
7.269171017828823800e-01
6.886772013487875155e-01
6.552839583168468263e-01
6.242329356081289804e-01
5.801564014972777628e-01
5.606591809568324258e-01
5.103702993152537948e-01
4.855683999384440841e-01
4.440430029198007555e-01
4.122120448278474569e-01
0.000000000000000000e+00
0.000000000000000000e+00
0.000000000000000000e+00
0.000000000000000000e+00
0.000000000000000000e+00
0.000000000000000000e+00
0.000000000000000000e+00
0.000000000000000000e+00
0.000000000000000000e+00
0.000000000000000000e+00
0.000000000000000000e+00
0.000000000000000000e+00
0.000000000000000000e+00
0.000000000000000000e+00
0.000000000000000000e+00
0.000000000000000000e+00
0.000000000000000000e+00
0.000000000000000000e+00
0.000000000000000000e+00
0.000000000000000000e+00
0.000000000000000000e+00
0.000000000000000000e+00
0.000000000000000000e+00
0.000000000000000000e+00
0.000000000000000000e+00
0.000000000000000000e+00
0.000000000000000000e+00
0.000000000000000000e+00
0.000000000000000000e+00
0.000000000000000000e+00
0.000000000000000000e+00
0.000000000000000000e+00
