0.000000000000000000e+00
0.000000000000000000e+00
0.000000000000000000e+00
0.000000000000000000e+00
0.000000000000000000e+00
0.000000000000000000e+00
0.000000000000000000e+00
0.000000000000000000e+00
0.000000000000000000e+00
0.000000000000000000e+00
0.000000000000000000e+00
0.000000000000000000e+00
0.000000000000000000e+00
0.000000000000000000e+00
0.000000000000000000e+00
0.000000000000000000e+00
0.000000000000000000e+00
0.000000000000000000e+00
0.000000000000000000e+00
0.000000000000000000e+00
0.000000000000000000e+00
0.000000000000000000e+00
0.000000000000000000e+00
0.000000000000000000e+00
0.000000000000000000e+00
5.206852270299328067e-01
5.453379589028771735e-01
5.467594122532015710e-01
5.804289938093541990e-01
5.952355577972587852e-01
6.230210767893915591e-01
6.322868935790677547e-01
6.676626934502827293e-01
6.707412588522545516e-01
6.937504340019760019e-01
7.277151221505158141e-01
7.438238381183196468e-01
7.483870281874064334e-01
7.724083045178560258e-01
7.907111341824379913e-01
8.100337230658524179e-01
8.297014163267846243e-01
8.454850241559211943e-01
8.621678405170094539e-01
8.890528618707531638e-01
9.054363868444522678e-01
9.356517924233558325e-01
9.425644371563739465e-01
9.651203389852144321e-01
9.865629251068062100e-01
1.006401366665709673e+00
1.014276545619416048e+00
1.049245908498757984e+00
1.064430943848044819e+00
1.091440820663862166e+00
1.096487536796022955e+00
1.132177847857132713e+00
1.151621138773722741e+00
1.162938318602643406e+00
1.190152118966685046e+00
1.204853663881865433e+00
1.226329323312870256e+00
1.245910686651013233e+00
1.255458967472903975e+00
1.298919500858892739e+00
1.294079927263692475e+00
1.340939974198734008e+00
1.334203544288503629e+00
1.358025249582377247e+00
1.404666102853060039e+00
1.400531356358731605e+00
0.000000000000000000e+00
0.000000000000000000e+00
0.000000000000000000e+00
0.000000000000000000e+00
0.000000000000000000e+00
0.000000000000000000e+00
0.000000000000000000e+00
0.000000000000000000e+00
0.000000000000000000e+00
0.000000000000000000e+00
0.000000000000000000e+00
0.000000000000000000e+00
0.000000000000000000e+00
0.000000000000000000e+00
0.000000000000000000e+00
0.000000000000000000e+00
0.000000000000000000e+00
0.000000000000000000e+00
0.000000000000000000e+00
0.000000000000000000e+00
0.000000000000000000e+00
0.000000000000000000e+00
0.000000000000000000e+00
0.000000000000000000e+00
0.000000000000000000e+00
0.000000000000000000e+00
0.000000000000000000e+00
0.000000000000000000e+00
0.000000000000000000e+00
0.000000000000000000e+00
