0.000000000000000000e+00
0.000000000000000000e+00
0.000000000000000000e+00
0.000000000000000000e+00
0.000000000000000000e+00
0.000000000000000000e+00
0.000000000000000000e+00
0.000000000000000000e+00
0.000000000000000000e+00
0.000000000000000000e+00
0.000000000000000000e+00
0.000000000000000000e+00
0.000000000000000000e+00
0.000000000000000000e+00
0.000000000000000000e+00
0.000000000000000000e+00
0.000000000000000000e+00
0.000000000000000000e+00
0.000000000000000000e+00
0.000000000000000000e+00
0.000000000000000000e+00
0.000000000000000000e+00
0.000000000000000000e+00
0.000000000000000000e+00
0.000000000000000000e+00
0.000000000000000000e+00
4.955694881036195043e-01
5.514856736258674230e-01
6.219168169762365750e-01
6.593325504001337212e-01
7.137740144980417867e-01
7.472345255442471856e-01
7.983436624318732688e-01
8.238060075288942130e-01
8.680295041042848103e-01
9.157599472130826257e-01
9.430828438991172291e-01
9.508202071058956539e-01
9.887065850110390297e-01
1.017790360239924308e+00
1.038197981883105969e+00
1.055548818726518068e+00
1.067883122073560509e+00
1.086195258033998412e+00
1.106240762852605197e+00
1.118507813180610988e+00
1.132926021399045080e+00
1.125714409283244510e+00
1.134980112985072287e+00
1.138800008430717048e+00
1.142315066280377378e+00
1.131010140768041961e+00
1.142585483855109052e+00
1.128784385216964115e+00
1.128578825572692734e+00
1.103949447218886881e+00
1.103823820877090522e+00
1.091954913049633547e+00
1.062663208245118174e+00
1.049087986595134803e+00
1.025610549496819957e+00
1.003778872371255071e+00
9.799737024529849849e-01
9.358013815591711415e-01
9.261207329694741697e-01
8.697380316821817781e-01
8.499185417689616440e-01
7.977244711597417659e-01
7.592064116476429092e-01
7.211405788909908132e-01
0.000000000000000000e+00
0.000000000000000000e+00
0.000000000000000000e+00
0.000000000000000000e+00
0.000000000000000000e+00
0.000000000000000000e+00
0.000000000000000000e+00
0.000000000000000000e+00
0.000000000000000000e+00
0.000000000000000000e+00
0.000000000000000000e+00
0.000000000000000000e+00
0.000000000000000000e+00
0.000000000000000000e+00
0.000000000000000000e+00
0.000000000000000000e+00
0.000000000000000000e+00
0.000000000000000000e+00
0.000000000000000000e+00
0.000000000000000000e+00
0.000000000000000000e+00
0.000000000000000000e+00
0.000000000000000000e+00
0.000000000000000000e+00
0.000000000000000000e+00
0.000000000000000000e+00
0.000000000000000000e+00
0.000000000000000000e+00
0.000000000000000000e+00
0.000000000000000000e+00
0.000000000000000000e+00
